0.00012365530983135815
-0.00011107624889286887
3.99867003053735e-06
0.0001408028209213015
0.00023070964717737872
0.00020462976276966507
0.00013460993691367874
0.0003866960117302031
0.00015239144331390613
0.0002533298670822715
0.0003567087954648056
0.0006134340135287354
0.0007387133401070854
0.001033739486867529
0.001669065594127127
0.0024384271713248583
0.003415192558378844
0.004648881948034222
0.006505904817436357
0.00875007751570809
0.01218359566410278
0.016555904528919668
0.022443898007205303
0.03037674104507766
0.04028511228268623
0.07489890766311444
0.0726241622251177
0.054095976366956885
0.040390473086291435
0.030046518873332543
0.02231811825731701
0.016488265659324007
0.012076716781869863
0.008688686210973432
0.006205647394856505
0.004559254690854371
0.0033111419918961963
0.0024993248919910707
0.0016122086600376113
0.0012393968091850439
0.0008334877705089145
0.0006181431524201527
0.0002284650916882668
0.00023930637397637916
0.00023066166731009808
0.00029910137789931494
0.0002125003357687843
0.00022640556764358955
4.298561441566847e-05
0.0001716372655778199
0.00028348946521403905
