0.011258903795240445
0.009678706453856207
0.014819098682452918
0.01881476691425838
0.02185269794656248
0.018296634843036393
0.017651111042806256
0.02179437798738824
0.019912953091542965
0.01857753030836907
0.018919459124561968
0.01716900878007529
0.013317711590146475
0.021813825694411468
0.020334968068993306
0.016148046669363914
0.02032845140577999
0.020478457962066786
0.0217728668206518
0.02004454956601287
0.022060016151313606
0.017359802656984613
0.017765684818670236
0.015261902699316493
0.02078618729092814
0.017596439790473154
0.2215050421043254
0.017594051703676086
0.02096454936578937
0.01526798120386299
0.0173540948527913
0.017249623157996333
0.022544300974867326
0.019855064685315532
0.02143695051239506
0.019797999439709665
0.0204631192715541
0.015454478096461617
0.02071982382058114
0.020442495662534678
0.014167050699452984
0.015757099206676846
0.017629782384885134
0.018959413797288195
0.020161331535134896
0.02162305173969533
0.017975523086015785
0.016953437615660313
0.02026056427895102
0.019163050574155925
0.014693252145858631
