-0.000098
-0.000331
0.000179
-0.000229
-0.000657
-0.001212
-0.001483
-0.001945
-0.002831
-0.002834
-0.003726
-0.004581
-0.006386
-0.008051
-0.011171
-0.015733
-0.022502
-0.031571
-0.043603
-0.060710
-0.083461
-0.115649
-0.158287
-0.216599
-0.294772
-0.414565
-0.608218
-0.723322
-0.805268
-0.865734
-0.909856
-0.937712
-0.965308
-0.978667
-0.995386
-1.019131
-1.028556
-1.050957
-1.063386
-1.064123
-1.041289
-1.024145
-1.025691
-1.023944
-1.017332
-1.014672
-1.020417
-1.031222
-1.028893
-1.016465
-1.012944
-1.031409
-1.020335
-1.015350
-1.009141
-0.991652
-0.982488
-0.964154
-0.929493
-0.917211
-0.914632
-0.906656
-0.896686
-0.887740
-0.877298
-0.870938
-0.887757
-0.899061
-0.893651
-0.908751
-0.926214
-0.949120
-0.972705
-0.980264
-0.985667
-1.005333
-1.019991
-1.036729
-1.041192
-1.039421
-1.043296
-1.064619
-1.079972
-1.086871
-1.083824
-1.070470
-1.067216
-1.042546
-1.031204
-1.043455
-1.069927
-1.078089
-1.065296
-1.059858
-1.050740
-1.058052
-1.053960
-1.040012
-1.025445
-1.008040
-1.005799
-0.984238
-0.967594
-0.975968
-0.960196
-0.946657
-0.929579
-0.925738
-0.928708
-0.936976
-0.942759
-0.960848
-0.978834
-0.991990
-1.000468
-1.000777
-1.011207
-1.001508
-1.012401
-1.037319
-1.043595
-1.051432
-1.073057
-1.081149
-1.077385
-1.078477
-1.065465
-1.045635
-1.023664
-1.001511
-0.999916
-1.003257
-0.984258
-0.970301
-0.954359
-0.933922
-0.932694
-0.950075
-0.974686
-0.995248
-0.995227
-0.996989
-0.982721
-0.993793
-1.014950
-0.999650
-1.013034
-1.019515
-1.015601
-1.032142
-1.037226
-1.041939
-1.039533
-1.056092
-1.070076
-1.075137
-1.057072
-1.016618
-0.978913
-0.955169
-0.941350
-0.940086
-0.973561
-0.996179
-1.000133
-0.977889
-0.980790
-0.983418
-0.998326
-0.998795
-0.990088
-0.973186
-0.957969
-0.927840
-0.926105
-0.926710
-0.921286
-0.933333
-0.946257
-0.926551
-0.936382
-0.956486
-0.958365
-0.947942
-0.955554
-0.957034
-0.958635
-0.978689
-1.002940
-0.997710
-0.997319
-1.005190
-1.001244
-0.983288
-0.980316
-0.982183
-0.999248
-1.017176
-1.000913
-0.980584
-0.965588
-0.965516
-0.960662
-0.962744
-0.966076
-0.993310
-1.016854
-1.009639
-1.026606
-1.037577
-1.055503
-1.081734
-1.108048
-1.124325
-1.147487
-1.142931
-1.134228
-1.124344
-1.129078
-1.133989
-1.119983
-1.093048
-1.078335
-1.074662
-1.048264
-1.011174
-0.994630
-1.021180
-1.020751
-1.003490
-0.993953
-0.986649
-0.974042
-0.962253
-0.956201
-0.953892
-0.931697
-0.909083
-0.908263
-0.914723
-0.915613
-0.903246
-0.879967
-0.859161
-0.862383
-0.886944
-0.903987
-0.917701
-0.945188
-0.967717
-0.979151
-0.985586
-0.995159
-0.997465
-0.993853
-0.992707
-1.002120
-1.005085
-0.995726
-0.974957
-0.993919
-1.003938
-1.013887
-1.019864
-1.016745
-1.002579
-0.985891
-0.974636
-0.955427
-0.935060
-0.925994
-0.939451
-0.951390
-0.970921
-0.984439
-0.987220
-0.988554
-0.980586
-0.976119
-0.956265
-0.953871
-0.959485
-0.957648
-0.956371
-0.942222
-0.940276
-0.961982
-0.968078
-0.967357
-0.967130
-0.972097
-0.956211
-0.953839
-0.964761
-0.970928
-0.992184
-1.011303
-1.026966
-1.034184
-1.061400
-1.079882
-1.082533
-1.068836
-1.073440
-1.081222
-1.066717
-1.056552
-1.040728
-1.031932
-1.012826
-1.010099
-1.017763
-1.046005
-1.044044
-1.046475
-1.044087
-1.033369
-1.008994
-0.993284
-0.971226
-0.957624
-0.964986
-0.979819
-0.982703
-0.987007
-1.006918
-1.020735
-1.036942
-1.052077
-1.052743
-1.043623
-1.031574
-1.025547
-1.021380
-1.001526
-0.992526
-1.003224
-1.025083
-1.046285
-1.062331
-1.065724
-1.065009
-1.081599
-1.107144
-1.120544
-1.130310
-1.122091
-1.121883
-1.128249
-1.126019
-1.130684
-1.140904
-1.145663
-1.155107
-1.153593
-1.130770
-1.107178
-1.111242
-1.096452
-1.080659
-1.049776
-1.035417
-1.021262
-0.979712
-0.965826
-0.965490
-0.981824
-1.012241
-1.016485
-1.030765
-1.061300
-1.071012
-1.066197
-1.049791
-1.024437
-1.014987
-0.993019
-0.969267
-0.958180
-0.956146
-0.946753
-0.953463
-0.965768
-0.982098
-0.987171
-0.993651
-1.011741
-1.023302
-1.040049
-1.029629
-0.996142
-0.975083
-0.960405
-0.962155
-0.983789
-1.003893
-1.020635
-1.021476
-1.014423
-1.015843
-1.018651
-1.035413
-1.046527
-1.042700
-1.033751
-1.026613
-1.023488
-1.007537
-0.973413
-0.944367
-0.950502
-0.947006
-0.946174
-0.946078
-0.922347
-0.915599
-0.890351
-0.875836
-0.853932
-0.833288
-0.788266
-0.710081
-0.611822
-0.505713
-0.361687
-0.120873
0.236143
0.464792
0.610368
0.718235
0.781329
0.831877
0.871628
0.908290
0.931799
0.952391
0.956762
0.957952
0.944616
0.932918
0.947156
0.955077
0.979763
0.989135
0.967516
0.938278
0.925997
0.914798
0.916086
0.937137
0.965508
0.978620
0.988032
0.992764
1.014386
1.027059
1.025098
1.023573
1.002536
0.968331
0.953218
0.951356
0.972559
0.984905
0.984716
0.995243
1.008607
1.008035
1.000165
0.994820
1.014015
1.018685
1.018513
1.026776
1.044707
1.049550
1.038560
1.047231
1.032196
0.985236
0.933910
0.913121
0.911166
0.912118
0.903084
0.907210
0.916859
0.905981
0.900969
0.900584
0.932358
0.958231
0.961143
0.937540
0.930342
0.925193
0.930474
0.951441
0.970038
0.968770
0.972226
0.966623
0.970175
0.957728
0.970103
0.977258
0.980868
1.014205
1.026173
1.047100
1.068654
1.079928
1.081152
1.079378
1.076221
1.074111
1.055972
1.042478
1.017279
1.006344
0.992250
1.003431
1.007711
1.010025
1.006024
0.994468
0.981106
0.969901
0.962335
0.951632
0.951924
0.950674
0.955860
0.958542
0.981446
1.005853
1.030931
1.027420
1.013430
1.001287
1.015059
1.037817
1.052968
1.067906
1.061229
1.062177
1.056737
1.057737
1.043895
1.023999
1.017019
1.010520
1.000199
0.997192
0.973875
0.960748
0.948346
0.946305
0.962706
0.965125
0.978243
1.002585
1.021798
1.025106
1.037768
1.063054
1.059722
1.051333
1.042454
1.019859
1.004312
0.992673
0.977330
0.987634
0.996363
1.001607
0.996103
0.994432
1.004299
1.013939
1.006224
1.021744
1.019296
1.002928
0.993646
0.983018
0.966366
0.969308
0.992029
1.003758
1.015237
1.036061
1.043603
1.035460
1.030671
1.021627
1.028765
1.058356
1.073689
1.062533
1.066277
1.080216
1.073256
1.067026
1.059690
1.081165
1.098016
1.109048
1.105764
1.101650
1.108944
1.089493
1.073238
1.072666
1.063638
1.047507
1.024455
1.040897
1.055812
1.059878
1.060533
1.064367
1.071587
1.077953
1.058862
1.038468
1.031678
1.043252
1.042489
1.031645
1.017724
0.998122
1.021969
1.026275
1.011859
1.006347
1.010644
1.026696
1.032878
1.046100
1.045192
1.058872
1.072520
1.068333
1.086196
1.092983
1.092220
1.087808
1.070390
1.058106
1.029454
1.011863
1.022592
1.045085
1.044237
1.057638
1.055152
1.039361
1.032773
1.027365
1.025016
1.019076
1.006752
1.016920
0.998185
0.957349
0.928619
0.944058
0.977665
0.979186
0.966717
0.976946
0.983351
0.996097
0.999680
0.980307
0.962534
0.972907
0.984994
0.983901
0.978326
0.979326
0.995414
1.012370
1.040567
1.063334
1.065729
1.049346
1.031755
1.007491
1.019520
1.018553
1.006506
1.013278
1.016346
1.013052
1.005878
0.994954
0.981362
0.973446
0.962933
0.978266
1.018965
1.045257
1.070071
1.088695
1.073833
1.057095
1.055075
1.029128
1.012104
1.012084
1.006938
0.967096
0.951571
0.928894
0.908968
0.928201
0.949258
0.965164
0.958768
0.973477
0.969091
0.954735
0.930109
0.919026
0.885341
0.868350
0.871652
0.889630
0.908619
0.942748
0.966114
0.996375
1.002489
1.002150
1.006153
1.010586
0.976200
0.942828
0.925998
0.924832
0.948498
0.973066
0.986258
0.979575
1.005204
1.057092
1.090819
1.102804
1.084121
1.077867
1.078733
1.075909
1.067597
1.068699
1.059958
1.035140
1.016015
1.011048
1.021173
1.023665
1.031321
1.050599
1.062310
1.071114
1.050692
1.039904
1.064878
1.071651
1.047464
1.032414
1.030946
1.012666
1.001302
1.016853
1.032839
1.030550
1.025704
1.008950
1.036512
1.047831
1.048409
1.072439
1.069798
1.072505
1.089015
1.086826
1.068832
1.079913
1.080880
1.051865
1.034484
1.017148
0.980725
0.953721
0.916032
0.902395
0.899674
0.896406
0.911418
0.938138
0.954762
0.957941
0.953156
0.950682
0.926257
0.912960
0.917977
0.926874
0.931506
0.960747
0.993158
1.005223
1.026268
1.040441
1.051768
1.059096
1.050269
1.058073
1.069561
1.049311
1.045396
1.023530
1.010088
1.008467
1.011612
1.020141
1.024146
1.013517
1.030621
1.056919
1.065749
1.086293
1.088153
1.066233
1.049668
1.056969
1.052067
1.022935
0.997788
0.970879
0.971091
0.981111
1.000568
1.015440
1.003173
0.958077
0.917263
0.904439
0.893663
0.879306
0.882043
0.864770
0.878806
0.892777
0.888216
0.900181
0.924172
0.947463
0.953064
0.971988
1.009291
1.035492
1.064635
1.078777
1.085776
1.089728
1.095432
1.070142
1.051897
1.037993
1.046018
1.046925
1.035123
1.008829
1.006554
0.997962
0.992114
0.969600
0.972512
0.978589
0.980032
0.976096
0.986387
1.009852
1.019558
1.013340
1.022067
1.017442
1.017827
1.025438
1.027024
1.045439
1.028558
1.014298
1.006302
0.998550
0.990227
0.967515
0.964762
0.970406
0.974315
0.979099
0.975954
0.996741
0.992934
0.978256
0.963846
0.960824
0.974796
0.982527
0.987709
1.007482
1.024232
1.027463
1.016501
0.980071
0.961460
0.965776
0.976128
0.971400
0.968058
0.988799
1.005931
1.003841
1.000297
1.000405
0.984827
0.957621
0.930802
0.908231
0.896466
0.926805
0.960488
0.990568
1.016813
1.014458
1.025657
1.037061
1.030221
1.012783
1.014868
1.027570
1.045815
1.046987
1.065474
1.074246
1.060247
1.047611
1.035703
1.030531
1.031948
1.053071
1.069737
1.086145
1.092952
1.098828
1.100556
1.079818
1.084396
1.083269
1.063926
1.059968
1.050782
1.048223
1.044301
1.034671
1.034590
1.043236
1.020758
1.010842
1.028324
1.040986
1.035469
1.020910
1.016254
1.033386
1.026056
1.020285
1.002404
0.999607
1.002221
1.009653
1.019331
1.024003
1.025117
1.033013
1.010412
0.991152
0.975728
0.955064
0.956940
0.961391
0.948575
0.947481
0.941373
0.939662
0.933400
0.926422
0.943623
0.954235
0.991767
1.025765
1.041660
1.041529
1.027883
1.015739
1.010551
1.005384
1.007842
1.009573
1.001919
0.993997
1.002829
1.010330
1.018740
1.037699
1.048214
1.026544
1.010007
1.021160
1.019866
1.039919
1.051693
1.036848
1.033179
1.001925
0.996800
0.984815
0.973160
0.962659
0.951864
0.948470
0.948279
0.950754
0.956257
0.946775
0.953944
0.950038
0.954732
0.964611
0.963800
0.959639
0.977364
0.961275
0.947586
0.963241
0.986803
1.001055
1.016827
1.028203
1.014017
1.007419
1.005864
1.010285
1.012584
1.004129
1.007818
0.985450
0.985732
0.988016
0.992319
1.005179
1.016884
1.000373
0.981185
0.965543
0.966124
0.985789
0.995012
0.998291
0.988186
0.991562
1.006393
1.012742
1.024365
1.038674
1.037546
1.024812
1.026753
1.026353
1.022137
1.012754
1.005953
1.008358
1.006304
1.012062
1.005262
0.998892
0.995262
1.008637
0.994730
0.984609
0.979883
0.987492
0.982258
0.943058
0.922368
0.931780
0.928657
0.946915
0.960521
0.969259
0.955063
0.942758
0.970698
1.005776
1.017378
1.028701
1.030105
1.022759
1.000660
0.997792
1.004728
1.010105
1.015622
1.012648
1.001414
0.990270
0.982886
0.971246
0.960653
0.949878
0.942167
0.936275
0.941835
0.957827
0.951665
0.964275
0.979770
0.974388
0.954481
0.956651
0.974914
0.979105
0.975781
0.968488
0.962331
0.987074
1.011651
1.035179
1.060233
1.060040
1.049838
1.052854
1.070925
1.081986
1.087443
1.092794
1.096595
1.081918
1.077991
1.076920
1.076598
1.058952
1.048825
1.064702
1.075053
1.075196
1.060498
1.058016
1.058396
1.046388
1.026843
1.012279
1.004876
0.993802
0.992666
0.975840
0.976476
0.965192
0.963672
0.983000
0.996069
1.005518
1.012776
1.025452
1.013401
1.001239
0.982005
0.988049
0.977365
0.956370
0.935745
0.923420
0.920633
0.936817
0.962257
0.964239
0.964813
0.968527
0.968849
0.955821
0.944558
0.973910
0.980171
0.969500
0.967391
0.982562
0.989225
0.997059
1.018272
1.008053
1.016160
1.024055
1.058137
1.076632
1.070577
1.035369
1.001154
0.977887
0.981286
0.968593
0.958203
0.942088
0.940197
0.950389
0.972859
0.971027
0.985305
1.002688
1.009367
1.023284
1.034954
1.049142
1.072746
1.079794
1.070646
1.041395
1.025862
1.025782
1.039570
1.037741
1.034504
1.036667
1.030700
1.009374
1.008088
1.004612
0.995045
0.973970
0.951727
0.943015
0.937797
0.948327
0.967999
0.965051
0.979326
1.017313
1.023132
1.013714
0.997460
0.995704
1.010270
1.019049
1.032403
1.028215
1.039314
1.028222
1.019042
1.014999
1.003986
0.991154
0.983297
1.000916
1.036562
1.053944
1.040965
1.023836
1.006189
1.000079
1.025806
1.050210
1.073421
1.078014
1.054088
1.028407
1.001773
0.991814
0.995625
1.018018
1.038345
1.035253
1.019764
1.010402
1.019249
1.038234
1.037220
1.027928
1.016411
1.022262
1.043593
1.062725
1.050345
1.058398
1.078646
1.057165
1.033142
1.031164
1.016408
1.026459
1.051261
1.063198
1.083946
1.105044
1.091526
1.061822
1.054225
1.063505
1.074805
1.076247
1.085921
1.067038
1.037308
1.039231
1.042556
1.056955
1.058058
1.048416
1.046297
1.033452
1.027495
1.033289
1.014257
1.007660
1.023154
1.036463
1.024167
0.998311
0.971902
0.986499
0.986401
0.982844
0.977962
0.966974
0.969924
0.982673
0.993867
1.010481
1.012331
1.012283
1.001942
0.995675
0.991543
0.988331
0.996426
1.007902
1.005815
0.987903
0.988578
0.984647
1.000340
1.019272
1.031587
1.049075
1.065091
1.041859
1.007558
0.968841
0.919779
0.895426
0.885200
0.883886
0.880144
0.891810
0.909852
0.898245
0.910552
0.912872
0.931778
0.955823
0.990606
1.012733
1.023217
1.028270
1.046698
1.026242
1.019070
1.043630
1.046799
1.050826
1.063035
1.069184
1.071485
1.082055
1.073843
1.056720
1.042815
1.052340
1.034971
1.013217
1.013033
1.008004
0.993519
1.010959
1.027825
1.015727
1.016417
1.016776
1.020571
1.018198
1.010268
1.013979
1.024823
1.023425
1.011579
1.007963
1.006282
0.987399
1.006750
1.017776
1.016915
0.997140
0.981620
0.981474
0.983081
0.998031
0.978037
0.959651
0.937464
0.937215
0.944449
0.953187
0.956886
0.967282
0.980891
0.990295
0.996990
0.999944
0.994755
0.983708
0.989028
1.004447
1.007643
1.002586
0.971870
0.985551
0.993357
0.984070
0.959472
0.956727
0.956300
0.955552
0.947342
0.942392
0.941244
0.938744
0.942948
0.943895
0.938301
0.933350
0.932681
0.954545
1.002179
1.005087
0.999225
1.020615
1.042034
1.040758
1.042294
1.049596
1.053358
1.024202
1.001212
0.991546
0.970620
0.962758
0.963076
0.944942
0.935940
0.933231
0.925566
0.922740
0.936279
0.967656
0.991411
1.007250
1.010457
0.988376
0.997416
1.014160
1.038432
1.042321
1.040829
1.040150
1.008595
0.974247
0.967562
0.986889
1.003776
0.991872
0.980625
1.000598
1.004523
1.011943
1.015840
1.008726
0.989856
1.000016
1.022236
1.014284
1.000238
0.987259
0.952365
0.934312
0.918843
0.934741
0.953976
0.970539
0.974761
0.972133
0.976251
0.993804
1.013137
1.019761
0.997360
0.993444
0.992390
0.984569
0.978024
0.985568
1.011243
1.007422
1.001129
1.020016
1.030746
1.038595
1.050414
1.039607
1.025989
1.025940
1.037295
1.045330
1.058581
1.070378
1.070498
1.074832
1.090173
1.080906
1.074986
1.075189
1.064403
1.041584
1.046056
1.025605
1.000714
0.999786
1.022191
1.013417
1.012922
1.010378
1.014623
1.022239
1.018255
1.003616
0.993797
0.985457
0.976445
0.957632
0.950631
0.981124
1.003701
1.012028
1.021186
1.023969
1.010740
1.024419
1.031474
1.038048
1.041091
1.031338
1.009698
0.986319
0.980668
0.982139
0.970434
0.956650
0.961847
0.982506
0.994892
0.988014
0.964676
0.964634
0.973570
0.968869
0.959226
0.965212
0.978100
0.995573
0.991934
0.956836
0.948943
0.961122
0.981180
1.011561
1.027061
1.032838
1.041562
1.048427
1.037268
1.018791
1.004179
1.001719
1.004560
1.012362
1.031565
1.046131
1.020064
0.999523
1.002080
1.000712
0.998554
0.963902
0.929177
0.933613
0.945544
0.959576
0.973429
0.939854
0.877913
0.817659
0.712586
0.586252
0.437609
0.212957
-0.112682
-0.325830
-0.476586
-0.614816
-0.700566
-0.760506
-0.817941
-0.856646
-0.883312
-0.906796
-0.940202
-0.942691
-0.957799
-0.972007
-0.984902
-0.998419
-1.023660
-1.041085
-1.022849
-0.990527
-0.995167
-0.979297
-0.963773
-0.949540
-0.970184
-0.980785
-0.976728
-0.990521
-1.006261
-1.026672
-1.015174
-0.997490
-1.012324
-1.014898
-1.021256
-1.004212
-0.963197
-0.964287
-0.962492
-0.953987
-0.948298
-0.941901
-0.933489
-0.928512
-0.928467
-0.937200
-0.927977
-0.927566
-0.945688
-0.974171
-0.976900
-0.966391
-0.996112
-1.017944
-1.019710
-1.020580
-1.017297
-1.018618
-1.019936
-1.006284
-0.999306
-0.983223
-0.986851
-0.998729
-1.002479
-1.009638
-1.009085
-1.000411
-0.982905
-0.969277
-0.963115
-0.966948
-0.972433
-0.986718
-1.004832
-0.992385
-0.973884
-0.949736
-0.934701
-0.926032
-0.942395
-0.953806
-0.973262
-0.988820
-1.000598
-1.018466
-1.046435
-1.046786
-1.035383
-1.037226
-1.019583
-0.992588
-1.007455
-1.005785
-1.000534
-1.002842
-1.012031
-1.027174
-1.033566
-1.033751
-1.038625
-1.045089
-1.043238
-1.040123
-1.023252
-1.027059
-1.036801
-1.047700
-1.045661
-1.029282
-1.022901
-1.032787
-1.018054
-1.011228
-0.998943
-1.006757
-0.988622
-0.979516
-0.984691
-0.985290
-1.005098
-1.013073
-0.996171
-0.975455
-0.976654
-0.978361
-0.967032
-0.967645
-0.980262
-1.002217
-1.016597
-1.023948
-1.012783
-1.000028
-0.980271
-0.971165
-0.974010
-0.982904
-0.998435
-1.020801
-1.025347
-0.996254
-0.975330
-0.960490
-0.963689
-0.968905
-0.964662
-0.962446
-0.976874
-0.996710
-1.006891
-1.019863
-1.008999
-1.020847
-1.018586
-1.012804
-1.015755
-1.015113
-1.030888
-1.008108
-1.007452
-1.014887
-1.013931
-1.008320
-1.016024
-1.020638
-1.040815
-1.060523
-1.043156
-1.033206
-1.031008
-1.032711
-1.039084
-1.054418
-1.062110
-1.043897
-1.013466
-0.991277
-0.970531
-0.969226
-0.993749
-1.006509
-1.012757
-1.033006
-1.052416
-1.059833
-1.044473
-1.020568
-0.991652
-0.979283
-0.967856
-0.957330
-0.956104
-0.946407
-0.941787
-0.918234
-0.891272
-0.904735
-0.916420
-0.920019
-0.914232
-0.929088
-0.941310
-0.962072
-0.987911
-0.992437
-1.008608
-1.026460
-1.032189
-1.026463
-0.998029
-0.980956
-0.966066
-0.966757
-0.970346
-0.981971
-0.986325
-0.980335
-0.964593
-0.967172
-0.957202
-0.965724
-0.970439
-0.960024
-0.969655
-0.984589
-1.014603
-1.032614
-1.038431
-1.028630
-1.018840
-1.002835
-0.994801
-0.991787
-0.975295
-0.964309
-0.953880
-0.963380
-0.990113
-1.005952
-1.001739
-0.991112
-1.007774
-1.029476
-1.024347
-1.039918
-1.041419
-1.054382
-1.062852
-1.052765
-1.047168
-1.036000
-1.002347
-0.990966
-0.992771
-0.979344
-0.968956
-0.978318
-0.969659
-0.956992
-0.958251
-0.977765
-0.982009
-0.985745
-0.976866
-0.984052
-1.010939
-1.034969
-1.055966
-1.067389
-1.057349
-1.040406
-1.016360
-1.010654
-0.988773
-0.956493
-0.943549
-0.940793
-0.932893
-0.933463
-0.928716
-0.940220
-0.947976
-0.948465
-0.967277
-0.981613
-0.965609
-0.963880
-0.972450
-0.949354
-0.937526
-0.939373
-0.941215
-0.953827
-0.971023
-1.009859
-1.035478
-1.041290
-1.040007
-1.053757
-1.064029
-1.054249
-1.045866
-1.047098
-1.061169
-1.067393
-1.073030
-1.051665
-1.022595
-1.010245
-0.984912
-0.978402
-0.958810
-0.975047
-0.984396
-0.988687
-0.990417
-0.990204
-0.967812
-0.947334
-0.929941
-0.912750
-0.892035
-0.897813
-0.934899
-0.971037
-0.995545
-1.010655
-1.018188
-1.014221
-1.012018
-1.013768
-1.000596
-1.006165
-1.011281
-1.007980
-1.024477
-1.036916
-1.032582
-1.029356
-1.028453
-1.018106
-1.022664
-1.037921
-1.067711
-1.097527
-1.116725
-1.109321
-1.090473
-1.076277
-1.077705
-1.102960
-1.112767
-1.105659
-1.084607
-1.073368
-1.062991
-1.058067
-1.068806
-1.057725
-1.046008
-1.040250
-1.034400
-1.032136
-1.036276
-1.032118
-1.033275
-1.016264
-1.008785
-1.023073
-1.036193
-1.026895
-0.980872
-0.939384
-0.925258
-0.926685
-0.936725
-0.943183
-0.949558
-0.958680
-0.957383
-0.960367
-0.950551
-0.962543
-0.959595
-0.953087
-0.960062
-0.949106
-0.942658
-0.930223
-0.906320
-0.882883
-0.841887
-0.820624
-0.789029
-0.745610
-0.660588
-0.543141
-0.401589
-0.158459
0.195985
0.441272
0.600737
0.724398
0.811164
0.868620
0.913887
0.953616
0.968579
0.972027
0.975130
0.991750
0.994780
0.997696
1.011673
1.037105
1.047466
1.051568
1.040537
1.022299
1.029867
1.034324
1.025930
1.027140
1.020915
0.991226
0.966379
0.947716
0.959456
0.987170
1.021321
1.044749
1.061766
1.045132
1.032663
1.046549
1.040194
1.032876
1.019944
1.016081
1.004483
1.010260
1.032777
1.040908
1.061792
1.081694
1.077382
1.064805
1.065718
1.048177
1.038033
1.024391
0.998389
0.986283
0.984708
0.988837
0.988645
0.985898
0.979099
0.966996
0.956940
0.957352
0.963433
0.980384
1.021088
1.047300
1.045651
1.032530
1.016883
1.017014
1.006688
0.999519
0.992262
0.979127
0.969689
0.957561
0.973584
0.987616
0.998439
1.012561
1.033709
1.045269
1.030727
1.010096
0.973437
0.954262
0.934038
0.936285
0.940654
0.951949
0.947030
0.939489
0.919995
0.908403
0.914543
0.922324
0.927340
0.925013
0.929297
0.934964
0.940501
0.927304
0.919905
0.913924
0.886827
0.882024
0.862191
0.849284
0.854001
0.862614
0.890494
0.901824
0.906685
0.924027
0.956543
0.986223
0.984108
0.969012
0.970605
0.984745
0.978696
0.972867
0.978906
0.964099
0.943526
0.942083
0.965364
0.984869
1.016495
1.044776
1.050949
1.046538
1.025780
1.001800
1.004670
1.013472
1.018747
1.025538
1.025783
1.044594
1.050580
1.066061
1.075984
1.065264
1.043087
1.021203
1.000953
0.993585
0.976191
0.958444
0.950298
0.943241
0.957511
0.953001
0.989592
0.996894
0.995034
1.006511
1.010449
1.014986
1.031034
1.035161
1.032131
1.027877
1.031103
1.021259
1.019642
1.026264
1.033872
1.033712
1.030930
1.025760
1.029430
1.036426
1.039965
1.036450
1.030725
1.037157
1.055758
1.050597
1.022609
0.994831
1.004838
0.999009
0.989675
0.997968
0.997392
0.986927
0.970012
0.947388
0.948899
0.943531
0.942617
0.944845
0.963497
0.980797
1.000184
0.984652
0.979009
0.959199
0.951099
0.974087
0.989707
0.992634
1.011730
1.028664
1.047597
1.054402
1.044518
1.058560
1.061589
1.057739
1.045808
1.031584
1.022102
1.029113
1.029615
1.034826
1.027819
1.043610
1.043889
1.029612
1.012596
0.993267
0.974998
0.983273
0.987628
0.990847
0.997208
0.985308
0.988415
1.010014
1.041122
1.048143
1.043549
1.052356
1.053070
1.046708
1.036625
1.019702
1.006249
0.993356
0.985805
0.980915
1.004028
1.021236
1.034477
1.058078
1.075565
1.086608
1.098062
1.084766
1.087843
1.080840
1.078310
1.066664
1.054874
1.049543
1.049987
1.063360
1.062591
1.045440
1.013595
0.991311
0.992787
0.983136
0.971186
0.969602
0.966678
0.967176
0.980293
0.997432
0.996977
1.001121
0.990894
0.988826
0.967728
0.936849
0.937813
0.956676
0.949356
0.957302
0.962531
0.945161
0.928670
0.912471
0.912774
0.917141
0.920556
0.923466
0.930225
0.933530
0.921590
0.953165
0.982148
0.990711
1.001758
1.009337
0.996000
0.986215
0.989185
0.991692
1.012887
1.017659
1.022808
1.021580
1.000425
0.993311
0.999524
0.989827
0.991693
0.972625
0.999594
1.042998
1.071537
1.078955
1.078598
1.057036
1.037317
1.016931
1.017540
1.042783
1.032656
1.005203
0.982901
0.957496
0.944185
0.941628
0.965472
0.999806
1.041471
1.081228
1.085000
1.075328
1.078768
1.066131
1.026656
0.998651
0.999573
1.021510
1.039722
1.041647
1.049438
1.042932
1.039907
1.042177
1.053237
1.058715
1.027844
1.030172
1.036975
1.048032
1.036147
1.016143
1.012079
1.011887
1.020791
1.037561
1.041796
1.044116
1.043372
1.020401
1.018941
1.047387
1.046847
1.044252
1.025923
1.016410
1.006714
1.008550
1.028344
1.006236
0.981857
0.975518
0.975950
0.963832
0.970716
0.972275
0.978747
1.001727
1.017197
1.015636
1.028651
1.061670
1.062105
1.086600
1.090656
1.072842
1.076767
1.064957
1.042397
1.041726
1.036463
1.011229
0.999262
0.997084
0.995870
1.029253
1.050032
1.077996
1.084311
1.070244
1.059668
1.052190
1.041264
1.039657
1.034879
1.026410
1.025253
1.040759
1.055323
1.044132
1.046483
1.055001
1.061642
1.041047
1.006951
0.980015
0.968705
0.980621
0.993046
0.979693
0.961170
0.950548
0.955098
0.956135
0.955620
0.945492
0.940194
0.958442
0.955268
0.960751
0.989988
1.030923
1.072006
1.090314
1.101847
1.104946
1.099817
1.103391
1.083496
1.078992
1.064041
1.024316
1.018906
1.018855
1.024725
1.014695
1.002651
0.997867
0.988312
1.000645
0.993847
0.989976
0.984269
0.994535
1.020495
1.013986
1.012235
1.016502
1.029459
1.041417
1.045917
1.026103
1.012269
1.030918
1.032824
1.027842
1.019762
1.019451
1.032815
1.016626
0.993563
0.983968
0.989818
1.002120
0.993167
0.987531
0.970236
0.969055
0.991390
1.015911
1.038970
1.058504
1.061130
1.055209
1.046420
1.073012
1.102498
1.113080
1.106609
1.083677
1.060611
1.065533
1.079338
1.062389
1.057562
1.062124
1.038879
0.997905
0.934936
0.912560
0.923948
0.934402
0.945009
0.941432
0.958831
0.967616
0.978466
0.987180
0.991641
1.014954
1.040277
1.047840
1.051691
1.055699
1.065172
1.060976
1.056735
1.024233
1.006808
1.017894
1.026778
1.027916
1.025179
1.028158
1.017422
1.005376
1.010854
1.006159
1.003754
1.013285
1.032386
1.033068
1.020436
0.981604
0.957154
0.949915
0.966163
0.992634
1.018592
1.032666
1.028253
1.037113
1.036591
1.017787
1.004799
1.018504
1.023426
1.030457
1.031332
1.053083
1.075603
1.071696
1.072077
1.068329
1.077524
1.077574
1.063886
1.069397
1.080352
1.106302
1.093898
1.079753
1.043667
1.014907
1.000355
0.968740
0.972287
0.968833
0.954929
0.942830
0.928347
0.909796
0.904728
0.911910
0.926383
0.917933
0.921609
0.933053
0.956728
0.997308
1.012796
1.005101
0.978620
0.963091
0.959526
0.948313
0.936907
0.935079
0.914297
0.936952
0.950286
0.967836
0.993599
1.003085
1.025745
1.033988
1.058044
1.064382
1.065382
1.076858
1.083610
1.073823
1.071360
1.071836
1.052118
1.037519
1.028532
1.020121
1.019098
1.023000
1.022449
1.010661
0.997903
1.000486
1.000235
0.961925
0.934571
0.944374
0.954567
0.962804
0.975113
0.973159
0.940903
0.937795
0.944352
0.960071
0.978342
1.006110
1.024818
1.004020
0.985913
0.982043
0.975670
0.978583
0.952146
0.942655
0.950089
0.963324
0.958497
0.959927
0.953481
0.961394
0.971641
0.981206
0.983460
0.991439
0.999323
1.003000
1.015301
1.013586
0.992939
0.975935
0.979887
0.999795
1.005182
1.013639
1.009439
0.995591
0.980247
0.967104
0.957536
0.970199
0.979818
0.981002
0.972154
0.970165
0.980111
0.980071
0.969184
0.956658
0.941410
0.929390
0.917442
0.915908
0.899383
0.900561
0.906422
0.911921
0.915300
0.920680
0.936941
0.938895
0.963235
0.991317
0.994426
0.999759
1.001194
1.011433
1.008370
1.017901
1.027055
1.046206
1.054806
1.044223
1.028917
1.018796
1.011009
1.013609
0.997024
0.975889
0.968327
0.966917
0.954493
0.956044
0.953578
0.946577
0.945268
0.950172
0.982376
1.011202
1.026205
1.025141
1.048369
1.051242
1.038568
1.040091
1.048113
1.044062
1.062371
1.077440
1.059075
1.044234
1.047409
1.040104
1.057661
1.067184
1.042198
0.999621
0.971308
0.963246
0.971125
0.985445
0.979206
0.973446
0.979756
0.994766
1.016576
1.028893
1.015298
0.999786
0.991694
0.967230
0.958988
0.945890
0.945881
0.931406
0.916051
0.928126
0.924440
0.939769
0.939892
0.956385
0.971588
0.977499
0.977913
0.982758
0.971339
0.954948
0.957893
0.952301
0.962765
0.980451
1.007448
1.024665
1.012587
0.989204
0.992075
1.008111
0.982572
0.958909
0.953088
0.949843
0.928502
0.929423
0.967974
0.980288
1.006575
1.026031
1.021806
1.009252
1.001147
0.992786
1.005740
1.000994
1.001770
1.011362
1.015537
1.026495
1.013576
0.989384
0.954137
0.942990
0.959727
0.958524
0.957202
0.938280
0.936950
0.925121
0.946547
0.968563
0.968770
0.972431
0.973110
0.981386
0.989700
1.004837
1.008180
1.020139
1.037438
1.043215
1.034196
1.045998
1.044506
1.049501
1.047732
1.044403
1.063287
1.063413
1.058521
1.061322
1.053720
1.052576
1.041223
1.029401
1.014727
1.007703
1.011368
1.020306
1.018644
1.006268
0.996633
1.000896
0.995225
0.995756
1.002710
0.993606
0.980890
0.958194
0.973975
0.992726
1.000604
1.012726
1.008949
1.015231
1.018648
1.024385
1.024067
1.024199
1.014320
1.008797
1.010282
1.017090
1.036885
1.046069
1.042155
1.022366
1.022795
1.019358
1.019510
1.031093
1.039099
1.033542
1.027624
1.032204
1.037137
1.053812
1.060624
1.052787
1.020038
0.989425
0.978472
0.951464
0.955589
0.966415
0.981899
0.984034
0.990223
1.012334
1.018091
1.019386
1.014192
1.021290
1.014102
1.006927
1.024458
1.042006
1.051842
1.037772
1.011653
0.996972
0.989538
0.976735
0.948577
0.930075
0.948251
0.955461
0.965996
0.967844
0.981193
0.971696
0.974876
0.984300
0.985361
0.968189
0.959869
0.972855
0.973375
0.975691
0.976238
0.972203
0.986531
1.004657
1.026940
1.018478
1.022526
1.034268
1.022977
0.985443
0.963643
0.953025
0.922534
0.910743
0.900431
0.889367
0.922738
0.942174
0.923783
0.939065
0.942972
0.944921
0.974826
1.002134
1.004409
1.002308
1.014463
1.022309
1.031891
1.035998
1.035921
1.035965
1.018601
0.994942
0.994085
0.991778
0.986802
0.984867
1.012744
1.032737
1.033077
1.031215
1.050341
1.079103
1.066844
1.048431
1.037197
1.043988
1.049977
1.049049
1.041285
1.027030
0.997021
0.994924
0.996149
0.971451
0.965924
0.966514
0.964459
0.962586
0.956869
0.949347
0.962338
0.951408
0.934374
0.923562
0.929849
0.930175
0.942091
0.950449
0.961598
0.989492
1.002808
1.010653
1.022259
1.026963
1.030688
1.026706
1.033605
1.037180
1.042685
1.068597
1.072274
1.066355
1.031869
1.006131
0.983905
0.958817
0.933268
0.929770
0.935688
0.962687
0.968320
0.978857
0.987641
1.003258
1.006740
0.996639
0.999756
0.993679
0.972374
0.973823
0.979301
0.991511
0.989681
0.977322
0.991131
1.008283
1.017635
1.040893
1.071871
1.084745
1.101050
1.110830
1.114906
1.088460
1.091657
1.085709
1.085024
1.069685
1.067514
1.077676
1.081215
1.069246
1.061485
1.059348
1.072724
1.054842
1.052099
1.057034
1.054547
1.039079
1.023391
1.005467
0.990249
0.990490
0.987911
0.988314
0.991546
0.979707
0.971228
0.951069
0.946769
0.952044
0.936067
0.945023
0.950706
0.961636
0.963662
0.959177
0.973569
0.997825
1.057413
1.088455
1.100459
1.099842
1.067008
1.064813
1.051843
1.047982
1.052681
1.065502
1.049087
1.039526
1.023318
1.004095
0.985506
0.994610
1.001650
1.009038
1.010972
0.994455
0.985112
1.002323
1.007227
1.009836
0.975133
0.963436
0.973587
0.956524
0.945661
0.932846
0.913294
0.910502
0.908647
0.913873
0.911055
0.912799
0.922976
0.947520
0.980685
1.010843
1.038870
1.074784
1.095070
1.108703
1.084720
1.068880
1.074014
1.063632
1.051077
1.050806
1.051216
1.042122
1.022717
1.004659
0.998590
0.991389
0.967924
0.975500
0.955522
0.945035
0.947927
0.977859
1.002754
1.025834
1.043790
1.057979
1.083291
1.105637
1.107932
1.099406
1.096223
1.091355
1.058372
1.041222
1.017865
1.015755
1.012811
1.011888
1.000874
1.003244
1.023738
1.042425
1.038780
1.029555
1.019004
1.023688
1.028983
1.046792
1.050675
1.048801
1.058074
1.079366
1.088885
1.088545
1.097968
1.109059
1.104963
1.103104
1.090028
1.086137
1.085717
1.096851
1.086234
1.062934
1.034548
1.003138
0.978815
0.955842
0.953431
0.954846
0.970558
0.971704
0.972672
0.982833
0.993883
1.002336
1.001942
0.998349
0.999232
0.990316
0.963674
0.920681
0.913606
0.913176
0.911945
0.881886
0.882764
0.900513
0.881708
0.867896
0.851835
0.810419
0.766730
0.711202
0.620163
0.524813
0.392937
0.130523
-0.240656
-0.496499
-0.647525
-0.771550
-0.877931
-0.959051
-1.013265
-1.045662
-1.057467
-1.089054
-1.119468
-1.137766
-1.139281
-1.108456
-1.101904
-1.086663
-1.081835
-1.064449
-1.040689
-1.015407
-0.978805
-0.955426
-0.938859
-0.938523
-0.957913
-0.974136
-0.986954
-0.994890
-0.991964
-0.992192
-0.993259
-0.996037
-0.996622
-1.003155
-1.021327
-1.021471
-1.013265
-1.005586
-0.991278
-0.989293
-1.002862
-0.992880
-0.980295
-0.978650
-0.999431
-0.999913
-1.014948
-1.014271
-1.002655
-0.988676
-1.012343
-1.010530
-0.984644
-0.982015
-0.994330
-1.003042
-1.008773
-1.018089
-1.021074
-1.002618
-0.988614
-0.968525
-0.981317
-0.997504
-1.010876
-1.007430
-0.997910
-1.004354
-1.017112
-1.033626
-1.024820
-1.013562
-0.999274
-1.000888
-0.991702
-0.978003
-0.972913
-0.968579
-0.965728
-0.974356
-0.980740
-0.976055
-0.965922
-0.966830
-0.981074
-0.997535
-0.989390
-0.980807
-0.995764
-0.987516
-0.975700
-0.967728
-0.946068
-0.934435
-0.934712
-0.927479
-0.936804
-0.945261
-0.949257
-0.945820
-0.956327
-0.969752
-0.981525
-0.993370
-0.981905
-0.967050
-0.961001
-0.946265
-0.951270
-0.971244
-0.971416
-0.986653
-0.993236
-0.987809
-0.982495
-0.985363
-1.022743
-1.048498
-1.045973
-1.018008
-1.009084
-1.029938
-1.045857
-1.046814
-1.017762
-0.998266
-0.990344
-1.020769
-1.022793
-1.025931
-1.039700
-1.060139
-1.079067
-1.094094
-1.100255
-1.077261
-1.078487
-1.073666
-1.053228
-1.034124
-1.005822
-0.994102
-0.990605
-1.000818
-0.996699
-0.989175
-0.973720
-0.963033
-0.957011
-0.970553
-0.983673
-1.002294
-1.026964
-1.061267
-1.094014
-1.118529
-1.143758
-1.141819
-1.124327
-1.112591
-1.092646
-1.081238
-1.070808
-1.052995
-1.048781
-1.040541
-1.026043
-1.004248
-0.995466
-0.998277
-0.998002
-1.010201
-1.039657
-1.057321
-1.066521
-1.045890
-1.033362
-1.031965
-1.043939
-1.019254
-0.993242
-0.965582
-0.945791
-0.955032
-0.974102
-0.967340
-0.970350
-0.965230
-0.973326
-0.974539
-0.987261
-0.997208
-1.012301
-1.046518
-1.052389
-1.043454
-1.064731
-1.067474
-1.054527
-1.049662
-1.027449
-0.994453
-0.970680
-0.963310
-0.943745
-0.956998
-0.970957
-0.974581
-0.964300
-0.967772
-0.985447
-0.993790
-0.991962
-1.003679
-1.024724
-1.040328
-1.052854
-1.071427
-1.077409
-1.063502
-1.050546
-1.043091
-1.025914
-1.009310
-0.992379
-0.984986
-0.986413
-0.971193
-0.981034
-0.972320
-0.962040
-0.953428
-0.966626
-0.969894
-0.957647
-0.956549
-0.969651
-0.977668
-0.989299
-1.020052
-1.052368
-1.071008
-1.043013
-1.036232
-1.041590
-1.023461
-1.031642
-1.057997
-1.062974
-1.040451
-1.047099
-1.045879
-1.050853
-1.050693
-1.048028
-1.049143
-1.030783
-1.026823
-1.006564
-1.004211
-1.013858
-1.022790
-1.016868
-1.013499
-1.018149
-1.015278
-1.028902
-1.033047
-1.017097
-1.030021
-1.032756
-1.022745
-1.015704
-1.012203
-1.025448
-1.036934
-1.045544
-1.058212
-1.052688
-1.038931
-1.044690
-1.042636
-1.043052
-1.064543
-1.070243
-1.065516
-1.066210
-1.076413
-1.061993
-1.035671
-1.038732
-1.058129
-1.051116
-1.058178
-1.055757
-1.057888
-1.047974
-1.048362
-1.014995
-0.981194
-0.959804
-0.941073
-0.945689
-0.957539
-0.945665
-0.943881
-0.961643
-0.985235
-0.998526
-1.002779
-1.005042
-1.011352
-1.025515
-1.044735
-1.052159
-1.049685
-1.041490
-1.042457
-1.037648
-1.020263
-1.014859
-1.026927
-1.049868
-1.038765
-1.020432
-1.014656
-0.984733
-0.960530
-0.946754
-0.957790
-0.970742
-0.975921
-0.966614
-0.934379
-0.919018
-0.937526
-0.960898
-0.950558
-0.929867
-0.927745
-0.945769
-0.935381
-0.928739
-0.947537
-0.978767
-0.992312
-0.993421
-0.972845
-0.947408
-0.933794
-0.930879
-0.962867
-0.971562
-0.951104
-0.942759
-0.949025
-0.936930
-0.936200
-0.936550
-0.945610
-0.939456
-0.949483
-0.957905
-0.960959
-0.962529
-0.950469
-0.946682
-0.946051
-0.970839
-0.983569
-0.976854
-0.960635
-0.952305
-0.957818
-0.962017
-0.946847
-0.943262
-0.944770
-0.947253
-0.943200
-0.952577
-0.947698
-0.958802
-0.974999
-0.977918
-0.979376
-0.972519
-0.971262
-0.957398
-0.945509
-0.949486
-0.928366
-0.887173
-0.845371
-0.796823
-0.744520
-0.649277
-0.509442
-0.333802
-0.111665
0.239670
0.496563
0.646983
0.739640
0.814216
0.862866
0.892374
0.924733
0.954493
0.981059
1.001180
1.016084
1.012615
0.976395
0.955185
0.962239
0.958633
0.960422
0.965311
0.958657
0.983561
0.997083
0.988185
0.991530
0.980018
0.966508
0.950166
0.968976
0.986055
0.985090
0.987131
1.017926
1.026735
1.017153
1.024399
1.017818
1.013350
0.989738
0.981653
0.977204
0.955787
0.956200
0.981410
1.007485
1.013631
1.025366
1.033934
1.044529
1.060491
1.038809
1.011795
0.995010
0.979249
0.960582
0.965098
0.957540
0.959537
0.972680
0.982738
0.981252
0.974452
0.979845
1.001882
1.005768
1.011932
1.013188
1.003562
0.996541
1.010966
1.010207
1.009238
1.007917
1.004014
1.006012
1.004476
0.998443
0.989828
0.997251
1.031318
1.027090
1.011569
1.014872
1.000385
1.006914
1.002033
0.993252
0.997111
1.028772
1.047590
1.069894
1.084354
1.065991
1.052177
1.028918
0.996662
0.981223
0.975516
0.949585
0.950778
0.955356
0.957963
0.970037
0.980227
0.997744
1.001339
1.005656
0.997471
0.974296
0.978769
0.971524
0.965287
0.956815
0.946522
0.953382
0.962099
0.980058
0.975325
0.973790
0.965101
0.964476
0.975519
0.998029
1.023475
1.014783
1.008413
1.014284
1.011109
1.009590
1.027027
1.022213
1.032544
1.057178
1.045260
1.039918
1.042329
1.010570
1.007358
1.010761
0.982517
0.957876
0.953904
0.962702
0.967928
0.950752
0.933963
0.945940
0.949861
0.957334
0.962053
0.960825
0.984130
1.002866
0.990836
0.968438
0.976777
0.977940
0.978309
0.965808
0.942983
0.944208
0.947352
0.933813
0.906016
0.895431
0.898722
0.920420
0.947532
0.947829
0.968480
0.976240
0.997339
1.018268
1.023360
1.023832
1.015516
1.034628
1.048161
1.057984
1.069657
1.055818
1.028551
1.008090
0.983257
1.005936
1.026006
1.036643
1.029300
1.003415
0.977931
0.970701
0.966355
0.968955
0.942271
0.942927
0.938839
0.954354
0.941910
0.951382
0.977540
0.991572
0.994909
0.992137
0.994943
0.988225
0.993375
1.007513
1.003022
1.006483
1.014509
1.005549
0.979830
0.959500
0.936854
0.947842
0.951075
0.942251
0.939592
0.940044
0.916840
0.913503
0.918833
0.934025
0.954026
0.973511
0.978493
0.979872
0.983905
0.991130
1.008146
0.990872
0.966817
0.964983
0.966966
0.963780
0.966242
0.970098
0.961480
0.963576
0.980358
0.978479
0.992320
0.999657
0.985369
0.972664
0.973863
0.983077
0.978957
0.997202
1.006886
0.989617
0.992456
0.997848
1.002706
0.994446
0.982394
0.974113
0.960319
0.974142
0.977756
0.979843
0.983434
0.988362
0.990997
0.975002
0.963964
0.961522
0.953990
0.941365
0.927985
0.949204
0.990345
0.980134
0.963087
0.970471
0.964704
0.975727
0.966504
0.979402
1.003120
1.002587
1.009851
1.031189
1.046668
1.046814
1.037603
1.055407
1.054200
1.032820
1.046170
1.060569
1.067082
1.060277
1.030160
1.004714
0.979168
0.983403
0.999927
1.006253
1.011033
1.018890
1.044783
1.055852
1.050739
1.047710
1.049455
1.043485
1.030042
1.021864
1.006511
0.992991
0.982419
0.958135
0.963862
0.964473
0.969161
0.956971
0.957824
0.944575
0.961972
0.996309
1.003583
0.996097
0.992826
1.010089
1.031650
1.038859
1.055794
1.068385
1.085996
1.076551
1.049761
1.022837
1.008671
0.996836
1.004198
1.005538
1.005142
1.001340
1.011229
1.006736
1.008094
1.001499
1.014625
1.014280
1.017874
1.010554
1.015303
1.000499
0.995399
1.002050
1.007842
0.999474
0.978889
0.966465
0.940424
0.917950
0.903436
0.911366
0.900007
0.884920
0.870304
0.853544
0.845136
0.848846
0.877345
0.903218
0.919800
0.943918
0.975486
0.995369
1.003683
0.980898
0.982851
1.000787
1.027522
1.036635
1.024409
1.028469
1.024121
1.003664
0.986560
0.990162
1.000491
0.988574
0.991362
0.987855
0.991644
0.975657
0.982322
1.005352
1.007763
1.005041
1.017068
1.026184
1.011864
1.010080
1.000246
0.979435
0.943327
0.935917
0.918856
0.911381
0.913264
0.913368
0.929687
0.929258
0.917812
0.924599
0.925809
0.936790
0.943632
0.971126
0.999502
1.047562
1.083805
1.100316
1.095371
1.104732
1.114407
1.099762
1.086135
1.076218
1.073800
1.078781
1.074630
1.058875
1.042885
1.026862
1.029634
1.033921
1.043401
1.046337
1.048642
1.039953
1.016350
1.020449
1.028123
1.046412
1.050033
1.050623
1.062515
1.055885
1.045499
1.044165
1.042833
1.043258
1.041615
1.036198
1.043914
1.047903
1.055736
1.057581
1.063166
1.071579
1.052460
1.036624
1.014502
0.990668
0.968491
0.970299
0.988140
0.974518
0.961379
0.959141
0.940452
0.929607
0.909394
0.897001
0.916586
0.940881
0.937574
0.952050
0.982495
0.992313
0.995832
0.988217
0.996262
1.024537
1.053521
1.086965
1.101065
1.088332
1.068236
1.054290
1.042523
1.034978
1.028935
1.041993
1.040250
1.027289
1.034379
1.035737
1.029450
1.033294
1.029002
1.041942
1.027477
1.017435
1.006505
1.009056
0.980613
0.961417
0.939773
0.931733
0.951507
0.970276
0.974670
1.012351
1.042379
1.048435
1.037553
1.017318
1.031810
1.033256
1.052346
1.054831
1.050219
1.069096
1.067273
1.068278
1.065627
1.050718
1.041335
1.024470
1.002409
0.993982
1.005009
0.981276
0.982399
0.989530
1.002139
0.986972
0.969385
0.958133
0.968788
0.977595
0.967745
0.957318
0.968660
0.977152
0.966659
0.960183
0.984132
0.996167
1.009426
1.007395
0.998397
0.997532
1.000547
1.024469
1.041350
1.056068
1.075431
1.075699
1.065972
1.042708
1.019019
1.007721
0.995654
1.009427
1.001479
0.998342
0.994751
0.988113
0.956532
0.943158
0.944685
0.950252
0.941562
0.940967
0.940932
0.933830
0.941849
0.948941
0.968482
0.980629
0.975284
0.971042
0.980023
0.997025
1.003786
1.008949
1.025619
1.017787
1.020491
1.019737
1.029528
1.040415
1.017507
1.006646
0.999148
0.989704
0.973154
0.949702
0.935302
0.911296
0.878150
0.869842
0.888821
0.912133
0.947126
0.948562
0.943112
0.949307
0.940684
0.932047
0.946813
0.961869
0.972267
0.964648
0.962560
0.959792
0.965250
0.969124
0.965632
0.970644
0.961863
0.966134
0.969649
0.984107
0.992711
1.010164
1.004858
1.000486
1.001977
1.020784
1.025037
1.000949
0.977674
0.965590
0.964484
0.974106
0.973990
0.967768
0.999538
1.018648
1.015728
0.996674
0.969293
0.958656
0.942262
0.935184
0.947221
0.960734
0.979929
1.011162
1.023366
1.016182
1.010154
0.999149
0.985065
0.955041
0.927574
0.931072
0.927900
0.927638
0.924446
0.926271
0.924263
0.929270
0.933354
0.933860
0.943017
0.949110
0.950463
0.948937
0.932690
0.917026
0.918672
0.914182
0.927510
0.943717
0.958352
0.977457
0.999753
1.014877
1.037592
1.025340
1.015169
1.024551
1.023894
1.016541
1.005638
1.026573
1.039431
1.030275
1.012629
1.000155
0.992120
0.996840
1.002828
0.990376
0.950573
0.939713
0.931500
0.918108
0.951552
0.977252
0.994630
1.004603
1.020900
1.026461
1.047597
1.074959
1.091626
1.104503
1.107422
1.087966
1.093452
1.074321
1.073504
1.090534
1.070763
1.030458
1.016767
1.016616
1.017973
1.038193
1.028137
1.016752
1.014936
1.025317
1.034409
1.031999
1.031189
1.028859
1.036303
1.045320
1.052505
1.052783
1.064940
1.060118
1.053842
1.028431
0.992362
1.003399
1.005857
1.005109
0.997490
0.986145
0.979299
0.970125
0.967732
0.976406
0.961591
0.938990
0.958568
0.998716
1.016738
1.027837
1.047453
1.070218
1.095512
1.108923
1.114914
1.105872
1.101021
1.114751
1.092486
1.072154
1.048009
1.038387
1.053948
1.063273
1.078023
1.077586
1.092712
1.101114
1.087624
1.091742
1.095007
1.103035
1.085742
1.085581
1.082968
1.085246
1.080111
1.088237
1.099037
1.100403
1.094545
1.070792
1.046331
1.020091
0.996292
0.978468
0.976590
0.988504
1.002046
0.989773
0.977094
0.958449
0.930957
0.880858
0.840063
0.783241
0.691810
0.556578
0.393664
0.149971
-0.210479
-0.467281
-0.610650
-0.722533
-0.795352
-0.840266
-0.881181
-0.906775
-0.917588
-0.936383
-0.948842
-0.965056
-0.980503
-0.990285
-1.008515
-1.017003
-1.021317
-1.006512
-1.015689
-1.028626
-1.026145
-1.024172
-1.047638
-1.074074
-1.090921
-1.093092
-1.067433
-1.056765
-1.045217
-1.016765
-1.020855
-1.040129
-1.040157
-1.019178
-1.000157
-0.989522
-0.981222
-0.974342
-0.981177
-0.986567
-0.985576
-0.986145
-0.985046
-0.997069
-1.001429
-1.005959
-1.016304
-1.006227
-0.996129
-1.009086
-1.016718
-1.020990
-1.016033
-1.009696
-1.010011
-1.032021
-1.031476
-1.008040
-0.991569
-0.992619
-0.991866
-1.014499
-1.016302
-1.022995
-1.020198
-1.005866
-0.977067
-0.928042
-0.906465
-0.925443
-0.931499
-0.935116
-0.948478
-0.946038
-0.956144
-0.979484
-0.974200
-0.994265
-1.014376
-1.021391
-1.021473
-1.010720
-1.021917
-0.990407
-0.989425
-0.994577
-0.990559
-0.980965
-0.985496
-0.991131
-0.998337
-1.006615
-1.029207
-1.061256
-1.067744
-1.064721
-1.040799
-1.028237
-1.038369
-1.064584
-1.067626
-1.074864
-1.073362
-1.063368
-1.056514
-1.054871
-1.056200
-1.061794
-1.050327
-1.042463
-1.054681
-1.061228
-1.056191
-1.053766
-1.051082
-1.036286
-1.016324
-1.003564
-1.015786
-1.034961
-1.047112
-1.031109
-1.011853
-0.998875
-0.992691
-0.972754
-0.976781
-0.981946
-0.984688
-0.980034
-0.944005
-0.944312
-0.948223
-0.944669
-0.948139
-0.965561
-0.964411
-0.946232
-0.945968
-0.948937
-0.952707
-0.983731
-1.019319
-1.035197
-1.058798
-1.064043
-1.053825
-1.032884
-1.015386
-1.020394
-1.016690
-1.007342
-1.022081
-1.028408
-1.039210
-1.022643
-1.022390
-1.019079
-1.012741
-0.988446
-0.949410
-0.955134
-0.972068
-0.994559
-1.019046
-1.039686
-1.051206
-1.072270
-1.086625
-1.093273
-1.078811
-1.073389
-1.071668
-1.072172
-1.060635
-1.067847
-1.061032
-1.036774
-1.019895
-1.007429
-0.993662
-0.989459
-0.987178
-0.996102
-1.025011
-1.026560
-1.020605
-1.012917
-1.000339
-0.980349
-0.957745
-0.945654
-0.934467
-0.943184
-0.954541
-0.969239
-0.984871
-0.989997
-1.007368
-1.009118
-1.022049
-1.031349
-1.034783
-1.032368
-1.020925
-1.038438
-1.034066
-1.013219
-0.990364
-0.994816
-0.984296
-0.974133
-0.954047
-0.957834
-0.976463
-0.983590
-1.002644
-1.018475
-1.042756
-1.032209
-1.022999
-1.022792
-1.001586
-0.999451
-0.980024
-0.968524
-0.971804
-0.957341
-0.956426
-0.985859
-1.007262
-0.997991
-0.994979
-0.998343
-0.986310
-0.983870
-0.981027
-0.969157
-0.980842
-1.018533
-1.043760
-1.063043
-1.056193
-1.050978
-1.041704
-1.039436
-1.018518
-1.019995
-1.018708
-1.021953
-1.010704
-0.987246
-0.962265
-0.948769
-0.970684
-0.990969
-0.988975
-0.989552
-1.013615
-1.023459
-1.035463
-1.028000
-1.030043
-1.043298
-1.049259
-1.050807
-1.055851
-1.042862
-1.033252
-1.028464
-1.002554
-0.984893
-0.993262
-1.011080
-1.013480
-1.008938
-0.998250
-0.999127
-1.002850
-1.022800
-1.020086
-1.023935
-1.035117
-1.036655
-1.055487
-1.057338
-1.085822
-1.088482
-1.062497
-1.049298
-1.042840
-1.027546
-1.019337
-1.045626
-1.052176
-1.043156
-1.050161
-1.080239
-1.117558
-1.138154
-1.145976
-1.133187
-1.117627
-1.089303
-1.067709
-1.060019
-1.061651
-1.069375
-1.077455
-1.081537
-1.066635
-1.062684
-1.046766
-1.023731
-0.993380
-0.974153
-0.970805
-0.990960
-0.990828
-0.993119
-0.975391
-0.998410
-1.015993
-1.019884
-1.026962
-1.034871
-1.055036
-1.060443
-1.042798
-1.030473
-1.021790
-1.015705
-1.017865
-1.012849
-0.995979
-0.975273
-0.973706
-0.980647
-0.997040
-0.992136
-0.969617
-0.942398
-0.922873
-0.918640
-0.939987
-0.930274
-0.932869
-0.945215
-0.968330
-0.986268
-1.006300
-0.999270
-1.002009
-1.002681
-1.014661
-1.027531
-1.056880
-1.065271
-1.059913
-1.050475
-1.054319
-1.043904
-1.038501
-1.031477
-1.023835
-1.012049
-1.004368
-1.012965
-1.024806
-1.042626
-1.053351
-1.065356
-1.078261
-1.068668
-1.050910
-1.042694
-1.024765
-1.024897
-1.040013
-1.043297
-1.041970
-1.052788
-1.071417
-1.086537
-1.098579
-1.117314
-1.122931
-1.124958
-1.097520
-1.073325
-1.086022
-1.081997
-1.071337
-1.052834
-1.032640
-1.015714
-1.016558
-1.012599
-0.985063
-0.965169
-0.980254
-0.971836
-0.968933
-0.963759
-0.996049
-1.003719
-0.997181
-0.980025
-0.957228
-0.962063
-0.955716
-0.940392
-0.947928
-0.935216
-0.931245
-0.932321
-0.925936
-0.932425
-0.944341
-0.957327
-0.983482
-0.973989
-0.969249
-0.975703
-0.989680
-1.007791
-1.012108
-1.017730
-1.002483
-0.996237
-1.004004
-1.006820
-0.984523
-0.992024
-1.008344
-1.001467
-1.005202
-1.018786
-1.000001
-0.991237
-0.981425
-0.987973
-1.000505
-1.022744
-1.024681
-1.040779
-1.050821
-1.028545
-1.012901
-1.017527
-1.029591
-1.016261
-1.022218
-1.028825
-1.027888
-1.008765
-0.989589
-0.973139
-0.967043
-0.964541
-0.960351
-0.955502
-0.974605
-0.989795
-0.994131
-0.990240
-0.991873
-0.984633
-0.973182
-0.965327
-0.985602
-0.987565
-0.982762
-0.985278
-0.986729
-0.992223
-0.992837
-0.996985
-1.004865
-1.014615
-1.018238
-1.031158
-1.027060
-1.028257
-1.040207
-1.049322
-1.033868
-1.021608
-1.017917
-1.004183
-0.978854
-0.971433
-0.962398
-0.965240
-0.954972
-0.935557
-0.930311
-0.923743
-0.928317
-0.937473
-0.966376
-1.008020
-1.041697
-1.039034
-1.013330
-1.003514
-0.995045
-0.996473
-0.993423
-0.977441
-0.982924
-0.993717
-0.970405
-0.963004
-0.973846
-0.987435
-1.002031
-1.007413
-1.016455
-1.016227
-1.003066
-1.010957
-1.019506
-1.029429
-1.033266
-1.042480
-1.034428
-1.011981
-1.008941
-0.989151
-0.964779
-0.947889
-0.962832
-0.977661
-0.975897
-0.961864
-0.958505
-0.956075
-0.949144
-0.947660
-0.963440
-0.967217
-0.984262
-1.008642
-1.019914
-1.026830
-1.010592
-0.994231
-0.987195
-1.008536
-0.992588
-0.953491
-0.927986
-0.931553
-0.934083
-0.937921
-0.957040
-0.966593
-0.972302
-1.012676
-1.029623
-1.020356
-1.023340
-1.011781
-0.977670
-0.979581
-0.984883
-0.978811
-0.982016
-0.966274
-0.953318
-0.941901
-0.945020
-0.979344
-1.004498
-1.018142
-1.012740
-0.991421
-0.979973
-0.969755
-0.969604
-0.968002
-0.979711
-0.971957
-0.973509
-0.968509
-0.949916
-0.947837
-0.964169
-0.976403
-0.975528
-0.977094
-0.982819
-0.962877
-0.965777
-0.969326
-0.975520
-0.982120
-0.989120
-1.023590
-1.058201
-1.058421
-1.040596
-1.031944
-1.025329
-1.047979
-1.049019
-1.049713
-1.054631
-1.044824
-1.039433
-1.053285
-1.041291
-1.033899
-1.039976
-1.041466
-1.042555
-1.033140
-1.015717
-1.001688
-0.987444
-0.981946
-0.955774
-0.953804
-0.959675
-0.944714
-0.935808
-0.946013
-0.947945
-0.953974
-0.976456
-0.988923
-0.991930
-0.983483
-0.963748
-0.966448
-0.969280
-0.974618
-0.970305
-0.966903
-0.955387
-0.946892
-0.941037
-0.935294
-0.911509
-0.906576
-0.908119
-0.891051
-0.885959
-0.911021
-0.940901
-0.952138
-0.943924
-0.951601
-0.960616
-0.971343
-0.971984
-0.972530
-0.967000
-0.973190
-0.978460
-0.970769
-0.957632
-0.954326
-0.959528
-0.961725
-0.952728
-0.961218
-0.947351
-0.926978
-0.938430
-0.952054
-0.973227
-0.980090
-0.962627
-0.965290
-0.966136
-0.979636
-0.976836
-0.959494
-0.959128
-0.952002
-0.945553
-0.924246
-0.915133
-0.915696
-0.906314
-0.896322
-0.877111
-0.890249
-0.917838
-0.925764
-0.907825
-0.916686
-0.937016
-0.960158
-0.977419
-0.983886
-0.978595
-0.982368
-0.970530
-0.984259
-0.987067
-1.003633
-1.016422
-1.011731
-1.020410
-1.034367
-1.030082
-1.026657
-1.015793
-0.990154
-0.976770
-0.965521
-0.966010
-0.994152
-1.024694
-1.026868
-1.021605
-1.038690
-1.032391
-1.023086
-1.016136
-0.999712
-0.986718
-0.981673
-0.966367
-0.983808
-0.992930
-0.999486
-1.012889
-1.030897
-1.031144
-1.030414
-1.016226
-1.001236
-1.006325
-1.031350
-1.054154
-1.057192
-1.051060
-1.038696
-1.016343
-1.010750
-1.015160
-1.032964
-1.033054
-1.042329
-1.041607
-1.011753
-0.999962
-0.964383
-0.962357
-0.969133
-0.951102
-0.938733
-0.947371
-0.941989
-0.930928
-0.951712
-0.980491
-1.005963
-1.024913
-1.029676
-1.023387
-1.024666
-1.007770
-0.998498
-0.996817
-0.980906
-0.952977
-0.936570
-0.940828
-0.929648
-0.929588
-0.911833
-0.889468
-0.885562
-0.886193
-0.875025
-0.892486
-0.920391
-0.953590
-0.982261
-1.012429
-1.026440
-1.016359
-1.014871
-1.022760
-1.035159
-1.036112
-1.021394
-0.998150
-0.947719
-0.880582
-0.787050
-0.692728
-0.586826
-0.410388
-0.161504
0.192742
0.422033
0.566601
0.671977
0.753303
0.813247
0.858614
0.882894
0.899034
0.924694
0.952704
0.975042
0.985668
0.986870
1.004212
1.016194
1.005378
1.009208
1.027121
1.027071
1.025930
1.044045
1.046390
1.041327
1.053803
1.077977
1.079010
1.077082
1.068345
1.046356
1.061227
1.070269
1.053358
1.052200
1.048247
1.056072
1.043205
1.054329
1.062794
1.052035
1.034006
1.043019
1.023947
1.012415
1.030663
1.034741
1.038860
1.038976
1.032510
1.013713
0.994160
0.975331
0.949039
0.926191
0.938952
0.974382
0.986757
0.993641
1.014875
1.037047
1.034571
1.026925
1.032300
1.052190
1.040518
1.029867
1.033655
1.021081
1.020303
1.016399
1.017923
1.019198
1.017264
1.006694
1.010435
1.025079
1.009840
0.999399
0.984848
0.960516
0.951589
0.935371
0.944138
0.953982
0.969798
1.017010
1.042557
1.041695
1.006039
0.970177
0.951663
0.956030
0.962363
0.985307
0.989560
0.979994
0.975354
0.987144
1.010040
1.006062
0.986190
0.966368
0.940229
0.921771
0.936025
0.963831
0.974029
0.993251
1.007782
1.007319
1.012897
0.992141
0.981469
0.979627
0.953460
0.954481
0.969245
0.968016
0.949639
0.945710
0.951661
0.959453
0.968617
0.980729
1.017796
1.045114
1.049281
1.046473
1.042816
1.026352
1.004957
0.979303
0.958703
0.968966
0.981982
0.992753
0.991047
0.978160
0.968444
0.968498
0.978287
0.974757
0.971028
0.986923
0.990189
1.007324
1.004831
0.998869
0.997323
0.993546
0.954022
0.940529
0.963827
0.990122
1.014448
1.033183
1.020167
1.012128
1.013027
1.019005
1.018681
1.006291
1.004431
1.019396
1.050637
1.064325
1.090083
1.096777
1.107498
1.108045
1.098216
1.073966
1.026195
1.005465
0.985295
0.991099
0.984617
0.957324
0.942819
0.933122
0.946940
0.953295
0.949580
0.961669
0.970034
0.966689
0.942534
0.928840
0.929582
0.936022
0.957957
0.972368
1.008995
1.027436
1.046027
1.051005
1.056137
1.043066
1.021766
1.026451
1.035019
1.036693
1.033591
1.026381
1.007213
1.003281
1.004542
0.995748
0.992900
1.003598
1.017101
1.014294
1.011732
0.993601
0.972998
0.960218
0.966446
0.974047
0.977821
0.976252
0.983005
0.982147
0.971538
0.953023
0.955926
0.962835
0.968130
0.987449
1.009224
1.026288
1.037872
1.048013
1.049999
1.026928
1.010141
1.011291
0.985919
0.977067
0.985508
0.979981
0.981380
0.990676
0.971024
0.957338
0.956208
0.949889
0.940606
0.944977
0.929621
0.918316
0.935045
0.955290
0.971655
0.975876
0.981165
0.995881
1.017470
1.018066
1.013857
1.015985
1.023167
1.036388
1.027812
1.011890
1.009172
0.996700
0.998391
0.999190
1.017965
1.022408
1.038600
1.051271
1.057579
1.066654
1.069545
1.069783
1.059463
1.031206
1.007128
0.994797
0.995244
0.999671
0.994549
0.998681
1.013741
1.004813
0.991133
0.995270
1.010620
1.038240
1.053400
1.069342
1.079847
1.110511
1.122588
1.112248
1.082401
1.057044
1.039352
1.021484
0.990957
0.959059
0.936341
0.925840
0.952511
0.944413
0.962527
0.965468
0.953800
0.946855
0.960738
0.989270
1.008107
1.023842
1.021168
0.993591
0.994465
0.977801
0.981979
0.974452
0.971096
0.962307
0.968279
0.952019
0.946315
0.945147
0.940307
0.965976
0.981453
0.984424
0.992751
1.002949
0.993860
0.967339
0.961097
0.961172
0.970135
0.982750
0.982696
1.003819
1.021599
1.016190
1.009902
1.010063
1.025928
1.025371
1.021098
1.017537
0.999977
1.001347
1.006622
1.012391
1.018243
1.020377
1.009353
0.979241
0.975373
0.979890
0.997314
1.002851
0.994744
0.983651
0.963159
0.945287
0.941864
0.952525
0.977159
0.970526
0.965955
0.967769
0.963566
0.969301
0.975929
0.980681
0.972196
0.949682
0.937167
0.932933
0.940403
0.941978
0.956369
0.977635
1.010283
1.024181
1.039493
1.034727
1.030772
1.010736
0.994774
0.973151
0.966646
0.967456
0.961538
0.933150
0.918401
0.925442
0.933255
0.920839
0.920582
0.928628
0.933239
0.946070
0.966404
0.980790
1.015737
1.045203
1.061181
1.059657
1.040424
1.053379
1.062495
1.058479
1.024362
1.008734
0.999692
1.014404
1.029159
1.026675
1.004137
1.002319
0.984694
0.986494
1.003429
1.029100
1.034374
1.041997
1.046149
1.046929
1.046476
1.036222
1.017491
0.997356
0.986776
0.986733
0.988939
0.992895
0.998173
0.987739
0.982464
0.952455
0.941486
0.946072
0.948648
0.955169
0.979832
0.995511
1.018470
1.030962
1.020071
1.020952
1.018329
0.990943
0.971601
0.950023
0.946829
0.926150
0.900522
0.894339
0.913305
0.937340
0.955874
0.950221
0.964113
0.981098
0.976726
0.983120
1.003777
1.020286
1.009704
1.008325
1.001437
0.985541
0.978930
0.973817
0.991787
1.004791
1.025771
0.990401
0.961885
0.972041
0.982499
0.989325
0.999840
1.005573
0.997638
0.998997
0.994350
0.986113
1.004776
0.997782
0.992551
0.984402
0.986788
0.986162
0.982194
0.962380
0.952107
0.953633
0.958856
0.971591
0.988546
0.996735
1.004893
1.014650
1.017340
1.034796
1.032723
1.027748
1.018007
1.017463
1.016029
1.000746
1.013833
1.013384
0.996737
1.001442
0.998460
0.969488
0.959500
0.980786
0.991175
0.990932
0.977174
0.962008
0.948512
0.933178
0.932037
0.925872
0.902989
0.903368
0.903200
0.944101
1.000336
1.024579
1.018490
1.011411
1.005190
1.002117
1.006757
0.999975
1.002756
1.003606
1.019783
1.025404
1.035279
1.041133
1.062647
1.081909
1.084460
1.083018
1.057878
1.020046
1.004270
1.001582
1.006822
0.986521
0.957000
0.949084
0.946559
0.941618
0.941482
0.952270
0.976627
0.997326
1.011051
1.031536
1.024355
1.021061
1.017573
1.009487
1.014396
1.019632
1.034516
1.062696
1.059008
1.042203
1.026678
0.999293
0.972350
0.941896
0.945871
0.928636
0.923574
0.930008
0.926132
0.933968
0.936172
0.944548
0.951789
0.957608
0.945184
0.955917
0.963958
0.964568
0.968764
0.960668
0.982155
1.011817
1.041120
1.039706
1.055905
1.066514
1.066415
1.059788
1.045418
1.036638
1.022294
1.004904
1.019812
1.027886
1.027571
1.027460
1.017350
1.005478
1.022489
1.026758
1.049034
1.055031
1.043626
1.039561
1.022093
1.011183
0.999646
1.002515
1.016729
1.033250
1.036924
1.049611
1.054893
1.055315
1.069325
1.084341
1.095753
1.108149
1.119553
1.123555
1.121690
1.095965
1.082852
1.059566
1.040779
1.022219
0.992774
0.997479
0.997596
0.998591
0.963863
0.948932
0.962583
0.964924
0.949532
0.939664
0.961148
0.995431
1.014718
1.019921
1.027517
1.044551
1.071804
1.077278
1.076025
1.077946
1.052213
1.038087
1.021201
1.005883
1.009600
1.028125
1.031712
1.023616
1.023902
1.032118
1.043538
1.050367
1.047427
1.042452
1.041630
1.026539
0.998252
0.966458
0.935801
0.921195
0.907768
0.892103
0.886512
0.904442
0.910614
0.915229
0.930226
0.946952
0.930816
0.912529
0.913100
0.931200
0.945907
0.962298
0.975746
0.978654
0.980414
0.992605
0.989482
0.971022
0.968999
0.986360
0.988202
0.984828
1.007490
1.016774
1.021963
1.045728
1.052650
1.039815
1.044048
1.043221
1.057300
1.057728
1.062433
1.057461
1.045361
1.033672
1.018544
1.013783
1.035388
1.047637
1.005269
0.996060
0.997140
1.013799
1.040302
1.055467
1.061837
1.041291
0.999303
0.975474
0.974553
0.966270
0.973390
0.988998
0.969762
0.959690
0.955313
0.954973
0.957515
0.967672
0.969041
0.970345
0.975526
0.966435
0.969563
0.971052
0.966317
0.947546
0.920655
0.903588
0.886922
0.876732
0.891766
0.893932
0.905985
0.927750
0.937206
0.945806
0.969412
0.985017
0.977082
0.986103
0.998098
1.006266
1.008042
1.014197
1.009265
1.001804
0.977695
0.974149
0.983197
0.992931
0.981936
0.972159
0.939517
0.913844
0.921954
0.912334
0.920884
0.928925
0.956660
0.955303
0.948541
0.949075
0.942188
0.927011
0.910988
0.889234
0.856591
0.838094
0.819991
0.768858
0.699317
0.600269
0.477118
0.266861
-0.065052
-0.303476
-0.449993
-0.567584
-0.661403
-0.742060
-0.812084
-0.879961
-0.917369
-0.948418
-0.972491
-0.985576
-1.001980
-1.008501
-1.019971
-1.044103
-1.055061
-1.046621
-1.059457
-1.095547
-1.116992
-1.111625
-1.121271
-1.109601
-1.078487
-1.080708
-1.084512
-1.078987
-1.049977
-1.044927
-1.047184
-1.035406
-1.041819
-1.049861
-1.036201
-1.039681
-1.030295
-1.013184
-1.009903
-1.004650
-1.017835
-1.038458
-1.030597
-1.003554
-0.982359
-0.971769
-0.965652
-0.927146
-0.910360
-0.914933
-0.916007
-0.917187
-0.907738
-0.913827
-0.921621
-0.909557
-0.893391
-0.907249
-0.925017
-0.931240
-0.934722
-0.947061
-0.940511
-0.936608
-0.952859
-0.969236
-0.981631
-0.979602
-0.976198
-0.971843
-0.982749
-1.006003
-1.031640
-1.040074
-1.020266
-1.020550
-1.027933
-1.007497
-0.978611
-0.960008
-0.941054
-0.931108
-0.912706
-0.938804
-0.957272
-0.978946
-0.983383
-0.970383
-0.948741
-0.949225
-0.970837
-0.979089
-0.992108
-1.027147
-1.056093
-1.077511
-1.072766
-1.058791
-1.061589
-1.058178
-1.056072
-1.061483
-1.036121
-1.015672
-1.008950
-1.028063
-1.017248
-1.021665
-1.025610
-1.023298
-1.009202
-0.990701
-0.974004
-0.975534
-0.995517
-1.005550
-0.991249
-0.983801
-0.984022
-0.993255
-0.992974
-0.978694
-0.980746
-0.966866
-0.936244
-0.922693
-0.906755
-0.910837
-0.934939
-0.961149
-0.979068
-0.964868
-0.943142
-0.930962
-0.920454
-0.924364
-0.942450
-0.972420
-0.991803
-0.986625
-1.003445
-1.023701
-1.005262
-0.979827
-0.969783
-0.977898
-0.972648
-0.970291
-0.968515
-0.977289
-0.975425
-0.979408
-0.969320
-0.984241
-0.987597
-1.001077
-0.997282
-1.009753
-1.010341
-1.006327
-1.015580
-1.028453
-1.042601
-1.017600
-1.000758
-0.995974
-0.979088
-0.984971
-0.977638
-0.971264
-0.949515
-0.949023
-0.951887
-0.957061
-0.953197
-0.963333
-0.978826
-0.994597
-1.008371
-1.000705
-0.979942
-0.954707
-0.919387
-0.913298
-0.927544
-0.923389
-0.932505
-0.959226
-0.994511
-0.986469
-1.000763
-0.996618
-1.004385
-1.012408
-1.005041
-0.994583
-0.993893
-1.008564
-1.018029
-1.036823
-1.036468
-1.031232
-1.027910
-1.014862
-1.032752
-1.033148
-1.032940
-1.025961
-1.033468
-1.028188
-1.045215
-1.060994
-1.053239
-1.038307
-1.027128
-1.020135
-0.999023
-0.973732
-0.963308
-0.960089
-0.960195
-0.940626
-0.932995
-0.954308
-0.952095
-0.954490
-0.960595
-0.970050
-0.973336
-0.976398
-1.013234
-1.026722
-1.011538
-0.978804
-0.988445
-1.007417
-1.009747
-1.000714
-0.994826
-0.994323
-0.983822
-0.981378
-0.986879
-0.996542
-0.998971
-1.007304
-1.016531
-1.032031
-1.053728
-1.065515
-1.072490
-1.066185
-1.060717
-1.059748
-1.049543
-1.029501
-1.012921
-1.013437
-1.005533
-1.005513
-1.008718
-1.006381
-1.014507
-1.039409
-1.047039
-1.047219
-1.031693
-1.019792
-0.998664
-0.970758
-0.962080
-0.944504
-0.933977
-0.934668
-0.952743
-0.964039
-0.966111
-0.955674
-0.963952
-0.965195
-0.982855
-0.981238
-0.978815
-0.992472
-0.982294
-0.960117
-0.963130
-0.949638
-0.968587
-0.990177
-1.002921
-1.016167
-1.035242
-1.036152
-1.028140
-1.042449
-1.068498
-1.056686
-1.040634
-1.038697
-1.033298
-1.021091
-1.020179
-1.027270
-1.010065
-1.009387
-1.002755
-1.003113
-1.010637
-1.032252
-1.044691
-1.044916
-1.030930
-1.011494
-1.014059
-1.017409
-0.994949
-0.997064
-1.007485
-1.035540
-1.048587
-1.068722
-1.091624
-1.096216
-1.105206
-1.098162
-1.086947
-1.073139
-1.043885
-1.035555
-1.017235
-1.005144
-1.003333
-1.001663
-1.007145
-0.993983
-0.998270
-1.014723
-1.014154
-1.003885
-0.996928
-0.997103
-0.980771
-0.984106
-0.987751
-0.985285
-0.985640
-1.004539
-1.010354
-1.027156
-1.046932
-1.057061
-1.067141
-1.054939
-1.059853
-1.059396
-1.036820
-1.019154
-0.989995
-0.991837
-0.997628
-0.998164
-1.007780
-0.999109
-0.998743
-0.997891
-1.001240
-0.998938
-0.987023
-0.966052
-0.954164
-0.959862
-0.968566
-0.962709
-0.937064
-0.922959
-0.898594
-0.885878
-0.898086
-0.893873
-0.907032
-0.914800
-0.909004
-0.913637
-0.919850
-0.923097
-0.928545
-0.953865
-0.950102
-0.931440
-0.920417
-0.925097
-0.905385
-0.857445
-0.804032
-0.742369
-0.677098
-0.585610
-0.444386
-0.229907
0.099994
0.339955
0.512382
0.632661
0.751330
0.832394
0.876161
0.910028
0.933515
0.939084
0.915398
0.914934
0.956181
0.995307
0.999562
0.991859
0.988641
0.967875
0.946660
0.937024
0.951268
0.973738
0.974725
0.985728
1.005216
1.028596
1.040704
1.030326
1.007633
0.985571
1.007600
1.009385
1.008220
1.017038
1.015600
0.996689
0.993172
0.997548
0.978784
0.977258
0.967073
0.945488
0.933112
0.933886
0.926903
0.900628
0.907671
0.925278
0.937000
0.942978
0.936810
0.933263
0.923771
0.902348
0.878163
0.877246
0.871101
0.864464
0.855824
0.870485
0.886913
0.916378
0.939099
0.954942
0.937829
0.929260
0.925366
0.910497
0.895483
0.895959
0.906783
0.928953
0.919886
0.962732
0.994996
1.020627
1.023602
1.008015
1.024169
1.037903
1.015814
1.001579
0.976190
0.966203
0.976901
1.008051
1.010811
0.998936
0.976134
0.961095
0.966164
0.968953
0.972155
0.973390
0.964918
0.968675
0.983942
0.983060
0.970122
0.946654
0.938303
0.933526
0.922906
0.915427
0.910702
0.922718
0.943265
0.932160
0.927086
0.939208
0.936246
0.940506
0.939982
0.938634
0.942524
0.962095
0.966669
0.975538
0.990903
1.003315
1.014046
0.999121
0.983394
0.996448
1.002484
0.992521
0.989957
0.989317
0.965219
0.955924
0.970154
0.973104
0.964140
0.981339
1.008652
1.024793
1.021300
1.044227
1.042130
1.041713
1.030692
1.011218
0.983385
0.964605
0.968489
0.982488
1.004026
1.020581
1.030708
1.045344
1.060234
1.059352
1.070430
1.079730
1.080176
1.067611
1.064009
1.055839
1.047440
1.066989
1.075862
1.070039
1.069887
1.056703
1.039035
1.039478
1.036536
1.012463
0.973378
0.956592
0.952661
0.936550
0.905184
0.910845
0.921077
0.924185
0.936333
0.982692
1.002701
1.013294
1.042890
1.080154
1.091606
1.097828
1.122517
1.130585
1.117433
1.095395
1.061035
1.025691
0.993731
0.978167
0.970965
0.978186
0.958060
0.963008
0.969109
0.952026
0.957118
0.959303
0.964189
0.981126
1.013226
1.023523
1.018050
1.035495
1.064399
1.078191
1.093322
1.090091
1.081295
1.053058
1.053356
1.065848
1.059436
1.028195
1.013910
1.002675
0.995471
1.009129
0.998074
1.007034
1.014263
1.017266
1.033234
1.028389
0.994510
0.986836
0.987316
0.987007
1.001435
0.985933
0.967337
0.956777
0.966703
0.976339
0.971341
0.964526
0.947839
0.958115
0.965500
0.964175
0.971984
0.983061
0.982967
0.977335
0.951798
0.957599
0.966206
0.976285
0.991829
1.019050
1.035413
1.042846
1.040277
1.035175
1.037539
1.031179
1.041091
1.049078
1.056113
1.052729
1.022972
0.991142
0.971678
0.968050
0.978307
0.976232
0.963319
0.960760
0.958520
0.949750
0.946630
0.938115
0.951418
0.966727
0.990679
1.006955
1.024086
1.038572
1.050184
1.059754
1.048566
1.016383
0.986693
0.965946
0.984074
0.992069
1.003325
1.012991
1.023026
1.034125
1.052188
1.040846
1.030665
1.002499
0.969521
0.958225
0.954651
0.962317
0.956723
0.948779
0.953116
0.953487
0.950802
0.946699
0.975369
1.010910
1.030926
1.043635
1.032880
1.036561
1.015530
0.983995
0.977140
0.968533
0.948818
0.942326
0.941848
0.923351
0.917714
0.928562
0.964882
0.999083
1.005537
0.994906
0.994407
0.954567
0.923028
0.914773
0.924228
0.909891
0.934297
0.957014
0.939381
0.939113
0.939949
0.938139
0.965232
0.997599
1.016638
1.025568
1.022751
1.038704
1.037520
1.038540
1.025921
1.010543
0.990519
0.976833
0.967196
0.967223
0.953288
0.946078
0.961543
0.963936
0.948275
0.917201
0.920285
0.924212
0.927142
0.926593
0.932304
0.926894
0.929558
0.959896
0.971218
0.971867
1.000561
1.013065
0.999147
0.987985
0.973952
0.979873
0.981881
0.986729
0.997729
1.003700
1.012029
1.018249
1.005732
0.995174
0.970537
0.956544
0.945885
0.952715
0.977497
0.975853
0.958362
0.943521
0.937972
0.941080
0.978335
0.985632
0.954085
0.943789
0.951828
0.967015
0.976397
0.991250
0.997230
0.992217
0.996175
1.013379
1.026654
1.040349
1.064356
1.090876
1.098819
1.088964
1.080089
1.070251
1.043388
1.056328
1.050617
1.038450
1.025490
1.005122
0.979811
0.962439
0.976705
0.960080
0.960319
0.950329
0.940500
0.932818
0.948024
0.965357
0.970984
0.958468
0.959807
0.973505
0.992572
1.002062
1.000730
1.004045
1.008239
1.006870
1.005013
1.006327
1.002650
1.005572
1.005640
0.994770
0.988741
0.985844
0.981472
0.982410
0.984971
0.992842
0.996052
0.994627
1.002502
1.035405
1.052095
1.049237
1.041571
1.038463
1.027929
1.024255
1.039427
1.045914
1.037104
1.027218
1.025380
1.030860
1.030641
1.032145
1.035304
1.017409
1.004923
1.020385
1.007724
0.982118
0.992266
0.993070
0.988629
0.991080
0.988793
0.989101
0.991523
0.971498
0.984169
1.003158
1.015447
1.017150
1.015342
1.024819
1.008578
1.003413
1.012042
0.993481
0.979653
0.959002
0.949224
0.946510
0.943150
0.952958
0.967222
0.975680
0.989675
0.984601
0.986576
0.990579
1.001777
1.022955
1.029564
1.026201
1.009118
0.997399
0.996591
0.986958
0.971659
0.960840
0.963348
0.995776
0.984418
0.993091
1.025756
1.047104
1.067642
1.067851
1.056162
1.051684
1.045791
1.063419
1.068688
1.063011
1.051992
1.040616
1.012191
0.981241
0.931569
0.914668
0.915049
0.919462
0.922448
0.928083
0.914694
0.899848
0.929692
0.959234
0.975425
0.970620
0.974382
0.981071
0.994032
0.994304
1.002137
0.995998
0.993640
0.988569
0.978727
0.964667
0.946558
0.948564
0.970154
0.980055
0.968979
0.954594
0.964179
0.971580
0.995152
1.028555
1.012616
1.010155
1.013503
1.022381
1.017223
0.998996
1.004747
1.005061
0.991750
0.992613
0.999098
0.990653
0.989070
0.974997
0.969519
1.000014
0.999915
0.996570
0.991850
1.004015
1.010905
0.984142
0.963893
0.964034
0.960874
0.951272
0.962013
0.940283
0.946984
0.985923
1.006249
1.023157
1.032291
1.023870
1.030489
1.033383
1.039345
1.038149
1.029170
1.002789
0.967577
0.960562
0.971170
0.997303
1.025832
1.022171
1.003823
0.988771
0.976703
0.957284
0.941857
0.929121
0.942027
0.935592
0.919251
0.896234
0.895323
0.921342
0.925111
0.925094
0.909724
0.893453
0.899852
0.890845
0.897919
0.889480
0.874662
0.873379
0.862962
0.870756
0.903087
0.926401
0.940687
0.960477
0.974142
1.003384
1.030047
1.031935
1.025221
1.032432
1.029049
1.023372
1.002795
1.002112
0.985976
0.985505
0.981118
0.969233
0.985991
1.011407
0.990902
0.976443
0.958985
0.951683
0.958023
0.990113
0.981276
0.973241
0.994515
1.012984
1.007722
1.006876
0.982526
0.939121
0.932941
0.914403
0.895049
0.908970
0.927984
0.950856
0.961188
0.984003
1.003120
0.985949
0.977613
0.958216
0.967366
1.002670
1.033817
1.023707
1.003841
0.972608
0.973811
0.980694
0.971542
0.974626
0.976376
0.982030
0.995744
0.994993
0.986183
0.969160
0.959746
0.946927
0.947862
0.954419
0.960598
0.961250
0.971313
0.969139
0.970059
0.945044
0.916657
0.904119
0.901163
0.916890
0.949552
0.975434
0.992003
1.013023
1.026383
1.033370
1.033122
1.018867
0.998611
0.987011
0.983320
0.969408
0.959613
0.958312
0.959234
0.986239
1.008412
1.015602
1.017672
1.022341
1.041677
1.031331
1.013617
1.031217
1.042243
1.038210
1.047901
1.055131
1.060558
1.083397
1.073943
1.071517
1.086137
1.083506
1.086937
1.103427
1.103635
1.091954
1.070208
1.051341
1.029313
1.009242
0.976848
0.963429
0.971131
0.977261
0.968026
0.973894
0.981395
0.975353
0.971586
0.955522
0.968316
0.972027
0.977089
0.973780
0.968861
0.965818
0.957418
0.956421
0.937700
0.949434
0.966259
0.972893
0.975698
0.970590
0.980046
0.972064
0.968546
0.976850
0.961278
0.968100
0.991714
1.013037
1.015227
1.013396
0.993089
0.985634
0.995339
0.993940
0.966229
0.938672
0.912860
0.864795
0.826995
0.768624
0.674911
0.565348
0.416133
0.195262
-0.132890
-0.364699
-0.499224
-0.596605
-0.704965
-0.777628
-0.827446
-0.863371
-0.899302
-0.942161
-0.964358
-0.979624
-0.977686
-0.978388
-0.986929
-0.989911
-0.981693
-1.008361
-1.045683
-1.061978
-1.072008
-1.059893
-1.053973
-1.024447
-0.997204
-0.998477
-0.981893
-0.966245
-0.968485
-0.983691
-0.982786
-0.979211
-0.968540
-0.976755
-1.013916
-1.039209
-1.057464
-1.036935
-0.997990
-0.983752
-0.980715
-0.979815
-0.971057
-0.966487
-0.977645
-0.993959
-1.004899
-1.023287
-1.028580
-1.029871
-1.023803
-1.007916
-1.031180
-1.039534
-1.030392
-1.011179
-1.008322
-1.024017
-1.024709
-1.034454
-1.040739
-1.029061
-1.032803
-1.042121
-1.052351
-1.057778
-1.052262
-1.048867
-1.040474
-1.035495
-1.036980
-1.047150
-1.063493
-1.071033
-1.056254
-1.039113
-1.032694
-1.035279
-1.050787
-1.065254
-1.054667
-1.042667
-1.020377
-1.010272
-0.992917
-0.958734
-0.949714
-0.952422
-0.955358
-0.945536
-0.961321
-0.973843
-0.999150
-1.029652
-1.047251
-1.068791
-1.091892
-1.103674
-1.087768
-1.067081
-1.042551
-1.036401
-1.036276
-1.052244
-1.055071
-1.033911
-1.034779
-1.053575
-1.039526
-1.021177
-1.003155
-0.972567
-0.969691
-0.973443
-0.962364
-0.966279
-0.970784
-0.965653
-0.965976
-0.954266
-0.950151
-0.978956
-1.005349
-1.026013
-1.047880
-1.040770
-1.038745
-1.040389
-1.035074
-1.028754
-1.005512
-0.989323
-0.966526
-0.954763
-0.970188
-0.983824
-0.964799
-0.966601
-0.969524
-0.972399
-0.982122
-1.005264
-1.040599
-1.049119
-1.042725
-1.034039
-1.038401
-1.028872
-1.027104
-1.007711
-1.006195
-1.021393
-1.030414
-1.042887
-1.047807
-1.055125
-1.068981
-1.056017
-1.062106
-1.065815
-1.062580
-1.065603
-1.043178
-1.022389
-1.015023
-0.990483
-0.986758
-0.956930
-0.933811
-0.924975
-0.921585
-0.939810
-0.933258
-0.929554
-0.912520
-0.945702
-0.968941
-0.982650
-0.990594
-0.987219
-1.008080
-1.016251
-1.028254
-1.027224
-1.010344
-1.004356
-0.976205
-0.999423
-1.012819
-1.017703
-1.028664
-1.024353
-1.019600
-1.017488
-1.000052
-0.992430
-0.984990
-0.962845
-0.931197
-0.913254
-0.899055
-0.904580
-0.913159
-0.908832
-0.904334
-0.921331
-0.936892
-0.965444
-0.992863
-0.994498
-0.986673
-0.983434
-0.973808
-0.971704
-0.987745
-0.989619
-1.007739
-1.035575
-1.065154
-1.073181
-1.070724
-1.047411
-1.027083
-1.021118
-0.996962
-0.957039
-0.955263
-0.945058
-0.933541
-0.931187
-0.950587
-0.969043
-0.977887
-0.971561
-0.976217
-0.975702
-0.970535
-0.959690
-0.963945
-0.934896
-0.906043
-0.892667
-0.882619
-0.899268
-0.924697
-0.955583
-0.983761
-0.969697
-0.980842
-0.995064
-0.995435
-0.964775
-0.949354
-0.953405
-0.966472
-0.962670
-0.966903
-0.977063
-0.970473
-0.956937
-0.952284
-0.965398
-0.985392
-0.965654
-0.942162
-0.935962
-0.944941
-0.969802
-0.973269
-0.953518
-0.954023
-0.966236
-0.969854
-0.988976
-1.014099
-1.002006
-0.998397
-0.994694
-0.982120
-0.990102
-0.974706
-0.973394
-0.984212
-0.982881
-0.979460
-0.977944
-0.978924
-0.990081
-0.978968
-0.977012
-0.983429
-0.975328
-0.965130
-0.964003
-0.974793
-0.977939
-0.988228
-1.009800
-1.009641
-1.000450
-1.001543
-0.993512
-0.984616
-0.985408
-0.985876
-0.985523
-0.985140
-1.008009
-1.031802
-1.044849
-1.060834
-1.073494
-1.070056
-1.068532
-1.050763
-1.022304
-0.985273
-0.963586
-0.981361
-0.989393
-0.985456
-0.975503
-0.960246
-0.955594
-0.983756
-1.024588
-1.057994
-1.080233
-1.084434
-1.083146
-1.076528
-1.073752
-1.076842
-1.060677
-1.045985
-1.032622
-1.006784
-0.990414
-0.992494
-1.013442
-1.015186
-1.018364
-1.018483
-1.024148
-1.018574
-1.016076
-1.006553
-0.999893
-0.974775
-0.955485
-0.956463
-0.980893
-0.994969
-0.998613
-0.985856
-0.961789
-0.950067
-0.960775
-0.958224
-0.950701
-0.937917
-0.947032
-0.961124
-0.976260
-0.979798
-0.988884
-0.990478
-0.989223
-1.018113
-1.040498
-1.051270
-1.062553
-1.067465
-1.054080
-1.027512
-1.011802
-1.006893
-0.974017
-0.967048
-0.972821
-0.973220
-0.967571
-0.977687
-0.993008
-0.994656
-0.987490
-0.970846
-0.969389
-1.005921
-1.024381
-1.038830
-1.031941
-1.017837
-1.034310
-1.041374
-1.047706
-1.053722
-1.053127
-1.063044
-1.046121
-1.008866
-0.986772
-0.977961
-0.963460
-0.949140
-0.940410
-0.939430
-0.947440
-0.966176
-0.988377
-1.016956
-1.031423
-1.031352
-1.038973
-1.032549
-1.007292
-0.997650
-0.987046
-1.004950
-0.976129
-0.962502
-0.960001
-0.959311
-0.950256
-0.964482
-0.979085
-0.980997
-0.992190
-1.005077
-0.997765
-0.999485
-0.993200
-0.971146
-0.957622
-0.937327
-0.938926
-0.958194
-0.984929
-1.011222
-1.023362
-1.012455
-0.991113
-0.963053
-0.989734
-1.001250
-1.016489
-1.030842
-1.043187
-1.049218
-1.066005
-1.094849
-1.106845
-1.074674
-1.059318
-1.054735
-1.048227
-1.024227
-1.027791
-1.030749
-1.021675
-1.013442
-1.015356
-1.035205
-1.034431
-1.034163
-1.038277
-1.053323
-1.046142
-1.021251
-1.008256
-1.033824
-1.063516
-1.090180
-1.107489
-1.099786
-1.092413
-1.066986
-1.029271
-0.977087
-0.943445
-0.950625
-0.968302
-0.954656
-0.939507
-0.921478
-0.908018
-0.915655
-0.918368
-0.927456
-0.961868
-0.980042
-0.976661
-0.954406
-0.965258
-0.987316
-1.001696
-0.994634
-0.995376
-1.012855
-1.034271
-1.046843
-1.038731
-1.032106
-1.039598
-1.014993
-0.989614
-0.985268
-0.979169
-0.972366
-0.981577
-0.970092
-0.932769
-0.918760
-0.904013
-0.900232
-0.919293
-0.929096
-0.946089
-0.969798
-0.962030
-0.960657
-0.967918
-0.975189
-0.989372
-1.013696
-1.017877
-1.006378
-1.013414
-1.002407
-1.010379
-0.996807
-0.997631
-1.004440
-0.995313
-1.010072
-1.005800
-1.000950
-1.008613
-1.019730
-1.006036
-0.992270
-0.981576
-0.972499
-0.965804
-0.956281
-0.942980
-0.928912
-0.929958
-0.937603
-0.946270
-0.987763
-1.004528
-1.015553
-1.025904
-1.028529
-1.032467
-1.013970
-1.010333
-0.999544
-0.978471
-0.977345
-0.987567
-0.991159
-0.976109
-0.947460
-0.934261
-0.952591
-0.959068
-0.966084
-0.961369
-0.957347
-0.951319
-0.941636
-0.944733
-0.969940
-0.982721
-0.982495
-0.979564
-0.989993
-0.986096
-0.994505
-1.011676
-1.014277
-0.993372
-1.005550
-0.999392
-0.990683
-0.983333
-0.986986
-0.987035
-0.993540
-0.996880
-0.998855
-1.005255
-1.022254
-1.034028
-1.035452
-1.067960
-1.066350
-1.075203
-1.095889
-1.083663
-1.067860
-1.063708
-1.052518
-1.075707
-1.070126
-1.046275
-1.026378
-1.032379
-1.033330
-1.041303
-1.046954
-1.059477
-1.056069
-1.057499
-1.070219
-1.082400
-1.070525
-1.057010
-1.032783
-1.010763
-1.016230
-1.031603
-1.029609
-1.027219
-1.017474
-1.006017
-0.993272
-0.988467
-0.995182
-0.977325
-0.972314
-0.977944
-0.965054
-0.974103
-0.967397
-0.980672
-0.988191
-0.984758
-0.988838
-0.997704
-0.979856
-0.968634
-0.960540
-0.951098
-0.959211
-0.980713
-0.984271
-0.990145
-0.998981
-1.015325
-1.008383
-1.030008
-1.051960
-1.051033
-1.033226
-1.018743
-1.008396
-1.014795
-1.018342
-1.014580
-0.988894
-0.983879
-0.994083
-0.993780
-0.965423
-0.960100
-0.948858
-0.946494
-0.943354
-0.932043
-0.930119
-0.934794
-0.958634
-0.982266
-1.026958
-1.037270
-1.030950
-1.039755
-1.023332
-1.008026
-1.010410
-1.030844
-1.045114
-1.060190
-1.069617
-1.049420
-1.039638
-1.037859
-1.041048
-1.034228
-1.007072
-0.994060
-0.983857
-0.982739
-0.987793
-0.993261
-0.965974
-0.934487
-0.916268
-0.906502
-0.923195
-0.952425
-0.970806
-0.967294
-0.958112
-0.954112
-0.951825
-0.969245
-0.958770
-0.958282
-0.960304
-0.968164
-0.996567
-1.031138
-1.063612
-1.066214
-1.066759
-1.061248
-1.036719
-1.014748
-1.006975
-1.005376
-1.022487
-1.048288
-1.059463
-1.059937
-1.055312
-1.039724
-1.035808
-1.025618
-1.022542
-1.007793
-1.014944
-1.024412
-1.026741
-1.047617
-1.044524
-1.032574
-1.018439
-1.019397
-1.022116
-1.034469
-1.025035
-1.006359
-1.001481
-0.988666
-0.957885
-0.955336
-0.987258
-1.012647
-1.041684
-1.057079
-1.082251
-1.080894
-1.069240
-1.061944
-1.045150
-1.044058
-1.035351
-1.024549
-1.014684
-1.000746
-0.977179
-0.967511
-0.971294
-0.970808
-0.951990
-0.960841
-0.973261
-0.991566
-1.013814
-1.031376
